NUISANCE_PARAMETERS
SigXsecOverSM  0.762356 +0.0500688 -0.0500688
EL_SF_ID  0.0976523 +1.00301 -1.00301
EL_SF_Isol  -7.4772e-09 +0.993332 -0.993332
EL_SF_Reco  0.0239965 +0.993255 -0.993255
EL_SF_Trigger  1.46051 +0.879797 -0.879797
ISR  -0.631147 +1.05437 -1.05437
JVT  0.00756611 +1.00004 -1.00004
MU_SF_ID_Stat  -0.0017408 +0.992948 -0.992948
MU_SF_ID_Syst  0.00318596 +0.98978 -0.98978
MU_SF_ID_Syst_LowPT  0.00318596 +0.98978 -0.98978
MU_SF_ISOL_SYST  0.00510404 +0.993259 -0.993259
MU_SF_ISOL_Stat  0.000663612 +0.993032 -0.993032
MU_SF_Stat_LowPT  -1.04138e-09 +0.993332 -0.993332
MU_SF_TRIGGER_STAT  -1.45446 +0.877824 -0.877824
MU_SF_TRIGGER_SYST  1.16785 +0.845953 -0.845953
PileUp  0.837785 +0.90541 -0.90541
muF  -0.345304 +0.750497 -0.750497
muR  -0.226714 +0.886463 -0.886463
gamma_stat_OFOC_bin_0  0.998645 +0.0146173 -0.0146173
gamma_stat_OFOC_bin_1  0.998654 +0.00869132 -0.00869132
gamma_stat_OFOC_bin_10  0.998201 +0.0161836 -0.0161836
gamma_stat_OFOC_bin_11  0.998894 +0.0193421 -0.0193421
gamma_stat_OFOC_bin_12  0.998326 +0.023731 -0.023731
gamma_stat_OFOC_bin_13  0.99855 +0.0292309 -0.0292309
gamma_stat_OFOC_bin_14  0.999195 +0.0329371 -0.0329371
gamma_stat_OFOC_bin_15  0.998266 +0.038474 -0.038474
gamma_stat_OFOC_bin_16  0.998349 +0.0444402 -0.0444402
gamma_stat_OFOC_bin_17  0.999263 +0.0498222 -0.0498222
gamma_stat_OFOC_bin_18  1.00023 +0.0589785 -0.0589785
gamma_stat_OFOC_bin_19  0.998903 +0.0271574 -0.0271574
gamma_stat_OFOC_bin_2  0.998669 +0.00718261 -0.00718261
gamma_stat_OFOC_bin_3  0.998517 +0.00661815 -0.00661815
gamma_stat_OFOC_bin_4  0.998607 +0.00654313 -0.00654313
gamma_stat_OFOC_bin_5  0.998568 +0.00690448 -0.00690448
gamma_stat_OFOC_bin_6  0.998613 +0.00755792 -0.00755792
gamma_stat_OFOC_bin_7  0.999958 +0.00872508 -0.00872508
gamma_stat_OFOC_bin_8  1.00019 +0.0107627 -0.0107627
gamma_stat_OFOC_bin_9  0.999572 +0.013095 -0.013095
gamma_stat_SFOC_bin_0  1.00068 +0.0143846 -0.0143846
gamma_stat_SFOC_bin_1  1.00042 +0.00863302 -0.00863302
gamma_stat_SFOC_bin_10  1.00098 +0.0157756 -0.0157756
gamma_stat_SFOC_bin_11  1.00113 +0.0189541 -0.0189541
gamma_stat_SFOC_bin_12  1.00048 +0.0234128 -0.0234128
gamma_stat_SFOC_bin_13  1.00059 +0.0273715 -0.0273715
gamma_stat_SFOC_bin_14  1.00003 +0.0319408 -0.0319408
gamma_stat_SFOC_bin_15  0.999482 +0.039446 -0.039446
gamma_stat_SFOC_bin_16  1.00011 +0.0448701 -0.0448701
gamma_stat_SFOC_bin_17  1.00136 +0.0502103 -0.0502103
gamma_stat_SFOC_bin_18  1.00025 +0.0574374 -0.0574374
gamma_stat_SFOC_bin_19  0.999896 +0.02841 -0.02841
gamma_stat_SFOC_bin_2  1.00059 +0.00716986 -0.00716986
gamma_stat_SFOC_bin_3  1.00064 +0.00658719 -0.00658719
gamma_stat_SFOC_bin_4  1.00063 +0.00650478 -0.00650478
gamma_stat_SFOC_bin_5  1.0007 +0.00683469 -0.00683469
gamma_stat_SFOC_bin_6  1.00085 +0.00749867 -0.00749867
gamma_stat_SFOC_bin_7  1.00185 +0.00870504 -0.00870504
gamma_stat_SFOC_bin_8  1.0028 +0.0104407 -0.0104407
gamma_stat_SFOC_bin_9  1.00162 +0.0129965 -0.0129965
gamma_stat_SFSC_bin_0  0.981225 +0.258316 -0.258316
gamma_stat_SFSC_bin_1  0.986414 +0.164977 -0.164977
gamma_stat_SFSC_bin_10  1.02947 +0.351357 -0.351357
gamma_stat_SFSC_bin_11  0.983828 +0.342881 -0.342881
gamma_stat_SFSC_bin_12  0.961936 +0.540817 -0.540817
gamma_stat_SFSC_bin_13  1.00618 +0.407072 -0.407072
gamma_stat_SFSC_bin_14  0.978794 +0.357146 -0.357146
gamma_stat_SFSC_bin_15  0.988531 +0.687864 -0.687864
gamma_stat_SFSC_bin_16  0.956136 +0.912203 -0.912203
gamma_stat_SFSC_bin_17  0.991843 +0.674965 -0.674965
gamma_stat_SFSC_bin_19  1.00233 +0.568885 -0.568885
gamma_stat_SFSC_bin_2  0.98673 +0.125044 -0.125044
gamma_stat_SFSC_bin_3  0.984474 +0.126011 -0.126011
gamma_stat_SFSC_bin_4  0.98433 +0.122417 -0.122417
gamma_stat_SFSC_bin_5  0.985001 +0.125883 -0.125883
gamma_stat_SFSC_bin_6  1.12602 +0.173687 -0.173687
gamma_stat_SFSC_bin_7  1.74629 +0.23317 -0.23317
gamma_stat_SFSC_bin_8  1.73032 +0.266472 -0.266472
gamma_stat_SFSC_bin_9  1.19181 +0.280845 -0.280845


CORRELATION_MATRIX
77   77
0.015342   0.0219747   0.0355839   0.0329915   0.02961   0.0340445   0.0321602   0.0268227   -0.00217521   0.00240554   0.012457   0.00113768   0.00999207   -0.00668924   0.0145534   0.0116279   0.0128268   0.0213018   0.0201174   -0.0227216   -0.0288277   -0.0291435   -0.0341468   -0.0394272   -0.042992   -0.0428147   -0.0379024   -0.0109881   -0.00448144   -0.00880532   -0.00452586   -0.003318   -0.00740208   -0.0103789   -0.0124229   -0.0204456   -0.0225622   -0.0281163   -0.0184787   0.00983502   0.020162   0.0232944   0.0258663   0.0266852   0.0269325   0.0282563   0.0222259   -0.00278597   -0.00354004   -0.00129908   -4.38599e-05   0.00275731   -0.000472366   0.00474095   0.00638411   0.00287635   0.0124073   0.0181683   0.0101769   0.0210252   0.0659653   -0.00761284   -0.241035   0.382158   1.68167e-07   -0.00489029   -0.0634032   -0.0631763   -0.0631761   -0.0206195   -0.0140007   0.0817058   -0.407142   -0.0019904   1.35803e-07   -0.0398201   1   
-0.00367227   -0.000388802   0.000110275   0.00163537   -0.000423991   -0.00216804   0.000467712   -0.00179897   -0.00260338   0.000956478   -0.00170903   -0.00120894   -0.00138616   -0.00333433   0.000201664   -0.00189832   0.000148701   -0.000530445   -3.94253e-05   -0.000697218   0.000374221   -0.000335117   0.00116182   0.00338599   0.00421728   0.0048433   0.0043268   -0.00119412   -0.000390461   0.000251594   0.00028184   0.000205282   -0.00146178   -0.000286347   -0.000545634   -0.000301265   -0.000258479   0.00362802   0.00213773   -0.00423887   -0.00560507   -0.0055712   -0.00462238   -0.00129573   -0.00125338   0.000229315   6.59675e-05   -0.00176206   -0.0003555   -0.00105329   -0.000302464   -0.000935962   -0.00128025   -0.00151133   -0.00163337   -0.00137121   -0.00477334   0.000666283   0.000675683   0.0221898   0.0517227   -0.00028065   -0.0551353   0.0460774   3.01255e-08   4.87287e-05   0.00175407   0.000667813   0.000667789   0.000561101   0.00154836   -0.0105589   -0.0459818   -0.00160294   2.61139e-08   1   -0.0398201   
2.45136e-09   3.69697e-09   4.14652e-09   3.34535e-09   4.49866e-09   4.9355e-09   3.91072e-09   2.69473e-09   1.01529e-09   9.96038e-11   2.01212e-09   4.11774e-10   1.30356e-10   -1.03648e-09   5.65052e-10   1.11981e-09   1.8675e-09   3.51143e-09   2.94888e-09   -2.62054e-09   1.66374e-08   -4.34401e-09   3.56608e-09   1.14955e-08   -6.04916e-09   -5.41202e-09   3.15909e-09   1.74001e-09   5.23258e-10   -2.30674e-10   -4.42421e-11   6.78731e-10   5.65824e-11   -3.53133e-10   -1.07888e-09   -9.85712e-09   -3.02606e-09   -1.19905e-08   -2.38528e-09   -6.77472e-09   2.85415e-09   1.09751e-08   3.26355e-09   2.38931e-08   3.69104e-09   -4.55895e-09   3.32117e-09   2.69352e-09   3.65323e-10   9.30934e-09   6.05113e-10   1.06868e-09   5.90293e-10   9.489e-09   1.33736e-09   9.53879e-10   1.73043e-09   2.21465e-09   1.33243e-09   2.61935e-08   3.28003e-08   3.53887e-08   5.74149e-08   2.39012e-07   3.25112e-08   7.6404e-09   1.77283e-08   2.701e-08   3.54763e-08   4.68589e-08   2.26419e-08   3.56692e-08   3.6982e-08   4.10913e-08   1   2.61139e-08   1.35803e-07   
-0.000242112   -0.000160039   -0.000135216   1.73534e-05   -0.000166668   -0.00015715   -6.87886e-05   -0.00014926   -0.000172189   4.94699e-05   -3.59652e-05   -0.000116334   -0.000116384   -0.000213735   -3.03981e-05   -9.61598e-05   -4.67804e-05   -0.000178393   -0.000120165   3.92839e-05   0.000157496   0.000132286   0.000214197   0.000405438   0.000390959   0.000399674   0.000395215   -4.50823e-06   3.9452e-05   6.04511e-05   1.40063e-05   1.0026e-05   -0.000109671   1.77694e-06   -6.72934e-05   -2.59845e-05   2.14034e-05   0.000278487   0.000186069   -0.000427615   -0.000443259   -0.000445378   -0.000422191   -0.00016288   -0.000184065   -7.5947e-05   -0.000130388   -0.000142449   -6.21044e-05   -8.29079e-05   -7.35348e-05   -0.000100358   -0.000178264   -0.000179636   -0.000169824   -0.000194512   -0.000377654   -1.89186e-05   -1.35275e-05   0.00162108   0.00390058   0.000121838   -0.00684182   0.00574153   1.66322e-08   9.89985e-06   0.000211914   0.000124775   0.000124808   6.66406e-05   0.00010489   -0.000545992   -0.00571083   1   4.10913e-08   -0.00160294   -0.0019904   
-0.00587524   -0.00835754   -0.013425   -0.0131523   -0.0111088   -0.012875   -0.0125643   -0.0103498   0.00105074   -0.00100702   -0.00463964   -0.000575274   -0.00418125   0.00286414   -0.00603593   -0.00477486   -0.00456322   -0.00789905   -0.00776985   0.00607747   0.00754013   0.00664948   0.00845388   0.0103883   0.0116729   0.0119832   0.0105233   0.00355526   0.00119814   0.00258564   0.000634387   0.00104797   0.00232924   0.00288188   0.00352673   0.0062745   0.0061595   0.00759055   0.00504358   -0.00476197   -0.00887354   -0.0100614   -0.0107091   -0.0107013   -0.010766   -0.0111948   -0.00839067   0.00116642   0.00128449   0.000879122   5.12064e-05   -0.00123299   -0.00012923   -0.00195776   -0.00279247   -0.00148315   -0.00561407   -0.00738686   -0.00395589   -0.0222955   -0.0231075   0.0174637   -0.323672   0.278765   -7.39704e-08   0.000652507   0.00858893   0.00880999   0.0088099   0.00267741   -0.00159763   -0.00538674   1   -0.00571083   3.6982e-08   -0.0459818   -0.407142   
0.000461653   0.00518999   0.0115977   -0.00784491   0.012713   -0.00169045   -0.00709494   -0.00700754   -0.00141013   -0.000919553   0.00450999   -0.00302131   -0.0013141   -0.00621602   -0.0015243   -0.0120739   0.0166019   0.00557091   -0.00170945   0.00445648   -0.00419785   -0.0115818   -0.00356582   -0.00338766   -0.00489162   0.010194   0.00847496   0.0158972   0.00725121   -0.00703429   -0.0101051   0.0194414   0.00995934   7.58597e-05   0.00188922   0.00294342   -0.0198676   0.00778044   -0.00499364   -0.0158421   -0.00756333   -0.00210726   -0.00655868   -0.00190164   0.00277861   0.00485927   0.015709   0.00236966   -0.0115698   0.0115086   0.00590605   0.00330252   -0.0118161   -0.00432169   -0.00215702   -0.00521825   -0.00282084   -0.00156056   0.00723045   -0.0182241   -0.00201575   0.00681094   -0.00238493   0.00439626   3.54559e-08   -0.000109149   -0.000681802   -0.000360824   -0.000360791   -0.000147219   0.00127903   1   -0.00538674   -0.000545992   3.56692e-08   -0.0105589   0.0817058   
0.000378921   -0.000513155   0.000264224   -0.000676704   -0.000367989   0.000214211   -0.000370656   -0.000531934   -0.000676111   -0.000205084   0.00220195   -0.000565254   -0.000161144   -7.94081e-05   -0.000333002   -0.00046333   7.34261e-05   -0.000371785   -0.000703308   0.00118847   0.000541606   -0.000171952   -0.000395642   -0.000338195   -0.00078356   -0.000362805   -0.00029831   -0.000714713   0.000607307   -0.000284208   0.00120853   0.00019607   1.74923e-05   0.000399438   0.000896432   0.00128473   0.00133718   -0.000945501   -0.000681063   0.000144662   0.00152813   0.000365149   3.92314e-05   0.00102743   -0.00102309   -0.00121419   -0.000897697   0.000975388   3.79866e-05   -8.03198e-05   -0.000416728   0.00187139   0.00112879   0.00111031   0.0015185   0.00107996   -1.20304e-05   -0.000225601   0.000489258   -0.00831153   -0.0166651   0.00105355   -0.0016062   0.00166814   1.51564e-08   3.00708e-05   3.73108e-06   0.000469998   0.000470021   -8.67809e-07   1   0.00127903   -0.00159763   0.00010489   2.26419e-08   0.00154836   -0.0140007   
2.40607e-05   4.56914e-05   2.2466e-05   -3.50552e-05   4.24851e-05   8.98628e-06   1.03146e-05   4.38541e-05   5.43254e-05   2.04402e-05   -4.71766e-05   3.40305e-05   3.17962e-05   0.000107973   -2.425e-05   -4.3523e-06   1.3114e-05   2.97088e-05   -2.73379e-05   -9.85234e-05   -0.000208905   -0.000218152   -0.000169995   -0.000222029   -0.000192048   -9.21687e-05   -6.71391e-05   6.79814e-05   -2.96735e-05   -3.78459e-05   -4.39157e-05   -6.43245e-05   3.83693e-05   -5.37169e-05   1.45884e-05   -8.53203e-05   -3.31035e-05   -4.15763e-05   -3.35128e-05   8.62959e-05   4.43397e-05   4.09038e-05   0.000192533   0.000168704   0.000118065   0.00016315   0.000134704   9.63036e-05   5.65104e-05   5.20689e-05   3.52466e-05   2.07543e-05   5.31978e-05   6.08023e-05   1.58369e-05   9.79627e-05   8.62369e-05   0.000165594   0.000119767   -0.000416383   -0.000840796   -0.000274207   0.00331394   -0.00270797   4.63306e-08   -7.82981e-06   -0.000110296   -9.2101e-05   -9.20704e-05   1   -8.67809e-07   -0.000147219   0.00267741   6.66406e-05   4.68589e-08   0.000561101   -0.0206195   
0.000128847   0.000178803   -8.6363e-05   -0.000110934   4.47351e-05   -9.54844e-05   -8.62555e-05   5.28763e-05   0.000452237   0.00019528   2.10236e-05   0.00022841   5.57683e-05   0.000406544   -9.99515e-05   -1.02788e-05   -3.54439e-05   5.95187e-05   -0.000137315   -0.000759348   -0.000739278   -0.000541178   -0.00033152   -5.2701e-05   -0.000150105   0.000139987   -8.93151e-05   -0.000656628   -0.000730136   -0.00053475   -0.000827367   -0.000749126   -0.000688426   -0.000833778   -0.000732198   -0.000796829   -0.000857059   5.61522e-06   9.58658e-05   0.000185127   -0.000122578   0.000110738   0.000435008   0.000786057   0.000749665   0.000600784   0.000713358   2.86007e-06   -0.000221175   9.78498e-05   0.00021852   -0.00024011   -0.000289088   -0.00032813   -0.000276173   -0.000187783   -0.000472353   0.000612857   0.000379092   0.00670606   0.0128627   -0.00144404   0.0107642   -0.0089193   2.55469e-08   -4.44479e-05   -0.000305165   -0.000664935   1   -9.20704e-05   0.000470021   -0.000360791   0.0088099   0.000124808   3.54763e-08   0.000667789   -0.0631761   
0.000128844   0.000178799   -8.63693e-05   -0.000110939   4.47299e-05   -9.549e-05   -8.62608e-05   5.28719e-05   0.000452238   0.00019528   2.10212e-05   0.000228409   5.57665e-05   0.000406545   -9.99541e-05   -1.02807e-05   -3.54464e-05   5.9515e-05   -0.000137319   -0.000759354   -0.000739295   -0.000541182   -0.000331523   -5.27036e-05   -0.000150098   0.000139993   -8.93096e-05   -0.000656636   -0.000730144   -0.000534749   -0.000827366   -0.000749135   -0.000688425   -0.000833777   -0.000732196   -0.000796826   -0.000857064   5.60234e-06   9.58687e-05   0.000185117   -0.000122589   0.000110735   0.000435004   0.000786053   0.000749661   0.000600779   0.000713333   2.8599e-06   -0.000221175   9.78413e-05   0.000218511   -0.000240119   -0.000289088   -0.00032813   -0.000276182   -0.000187792   -0.000472355   0.000612855   0.000379082   0.00670604   0.0128627   -0.00144403   0.010764   -0.00891953   2.55469e-08   -4.44217e-05   -0.000305155   1   -0.000664935   -9.2101e-05   0.000469998   -0.000360824   0.00880999   0.000124775   2.701e-08   0.000667813   -0.0631763   
4.03896e-05   8.99788e-05   -7.91918e-06   -0.000171486   6.30497e-05   -4.61348e-05   -3.66214e-05   7.33062e-05   0.000160883   5.30577e-05   -0.000169217   0.000101409   8.25264e-05   0.000334997   -9.56431e-05   -3.52551e-05   1.35961e-05   4.04161e-05   -0.000124583   -0.000488224   -0.000751253   -0.000770487   -0.000686032   -0.000616208   -0.000419574   -0.000335824   -0.000304575   0.000133699   -7.66917e-05   -1.64685e-05   4.05332e-06   -6.57818e-05   4.1163e-05   -0.000119782   -1.19922e-05   -0.00016852   -0.000283689   -0.000201035   -0.000130034   0.000269394   0.000140247   0.000253904   0.000320593   0.00046346   0.000543454   0.000600945   0.000680249   0.000323532   0.000222403   0.000198435   0.000211135   0.000179146   0.000221482   0.00016433   0.000158056   0.000301833   0.00015434   0.000552602   0.000357727   -0.00148827   -0.00271399   -0.00106552   0.0107418   -0.00869734   2.5048e-08   -2.70231e-05   1   -0.000305155   -0.000305165   -0.000110296   3.73108e-06   -0.000681802   0.00858893   0.000211914   1.77283e-08   0.00175407   -0.0634032   
9.68076e-06   1.38304e-05   -2.1912e-06   -6.13136e-06   5.93079e-06   -2.70695e-06   -1.76832e-06   7.8736e-06   2.80556e-05   1.19146e-05   -2.20244e-06   1.55034e-05   6.89787e-06   3.03155e-05   -5.6663e-06   8.80795e-07   -1.38094e-06   5.71929e-06   -8.40657e-06   -7.92756e-05   -9.58754e-05   -7.92183e-05   -5.06694e-05   -1.7412e-05   -3.7477e-06   1.40949e-05   1.89236e-05   -2.86987e-05   -4.43488e-05   -3.21789e-05   -2.32668e-05   -3.57572e-05   -2.81593e-05   -4.11462e-05   -3.40742e-05   -4.71252e-05   -6.05384e-05   2.01445e-05   1.4672e-05   -3.36697e-06   -3.44047e-05   -9.90272e-06   8.49151e-08   4.49834e-05   6.19939e-05   6.34546e-05   7.80393e-05   1.97159e-05   5.67964e-06   9.5005e-06   1.71424e-05   -3.43495e-06   1.35103e-06   -5.55876e-06   -4.65997e-06   -1.03557e-05   -3.04794e-05   5.79565e-05   4.32879e-05   0.000297096   0.000647071   -0.00012532   0.000817168   -0.000664513   7.30024e-09   1   -2.70231e-05   -4.44217e-05   -4.44479e-05   -7.82981e-06   3.00708e-05   -0.000109149   0.000652507   9.89985e-06   7.6404e-09   4.87287e-05   -0.00489029   
2.68752e-09   4.61352e-09   5.62176e-09   4.67646e-09   5.21986e-09   5.75701e-09   5.26869e-09   3.88696e-09   1.56282e-10   8.04951e-10   2.52382e-09   -2.33915e-10   2.92819e-10   -2.02783e-09   8.71805e-10   2.17861e-09   1.99403e-09   3.9293e-09   3.35116e-09   -3.2225e-09   1.63164e-08   -4.93343e-09   2.79179e-09   1.06853e-08   -6.92148e-09   -6.28856e-09   2.40444e-09   7.69347e-10   4.71223e-10   -4.92615e-10   -2.1578e-10   5.22409e-10   -2.39182e-10   -8.0771e-10   -1.48723e-09   -1.04733e-08   -3.61213e-09   -1.23896e-08   -2.57855e-09   -6.23375e-09   1.19868e-08   1.21579e-08   4.57133e-09   5.21575e-09   5.62048e-09   -2.97275e-09   -1.54731e-08   2.07157e-09   3.07964e-10   9.241e-09   5.92822e-10   1.15846e-09   6.60799e-10   9.6143e-09   1.65563e-09   1.17689e-09   2.27431e-09   -1.66744e-08   2.15748e-09   3.58206e-08   1.65758e-08   3.21015e-08   2.86461e-08   1.34049e-07   1   7.30024e-09   2.5048e-08   2.55469e-08   2.55469e-08   4.63306e-08   1.51564e-08   3.54559e-08   -7.39704e-08   1.66322e-08   3.25112e-08   3.01255e-08   1.68167e-07   
0.00579098   0.00837394   0.0134827   0.0131387   0.0110132   0.0128946   0.0125867   0.0103838   -0.00102059   0.00106264   0.00460273   0.000638886   0.00424933   -0.00271957   0.00605562   0.00478012   0.0045829   0.00793223   0.00771306   -0.00642217   -0.00786481   -0.00712071   -0.00869336   -0.0105893   -0.0116809   -0.0119619   -0.010441   -0.00340696   -0.00125986   -0.00258424   -0.000648862   -0.00103185   -0.0022947   -0.00297425   -0.00356741   -0.00642589   -0.00629312   -0.00742581   -0.00490479   0.00463635   0.00843729   0.00981571   0.0106125   0.0109226   0.010953   0.0115499   0.00878288   -0.00091103   -0.00110912   -0.000780345   9.41098e-05   0.00131437   0.000178723   0.0019151   0.00284755   0.00162424   0.00542188   0.00768821   0.00420924   0.021805   0.0230469   -0.017964   0.326298   1   1.34049e-07   -0.000664513   -0.00869734   -0.00891953   -0.0089193   -0.00270797   0.00166814   0.00439626   0.278765   0.00574153   2.39012e-07   0.0460774   0.382158   
-0.00499569   -0.00728836   -0.0115188   -0.0110613   -0.00946287   -0.0108535   -0.0106889   -0.00890934   0.000780976   -0.0009636   -0.00364723   -0.000754144   -0.00396705   0.00194988   -0.00524882   -0.00405446   -0.00398393   -0.00674616   -0.00637786   0.00846259   0.0108403   0.0110228   0.013014   0.0141277   0.0144146   0.0148342   0.0131318   0.00393348   0.00203718   0.00299536   0.00189261   0.00161431   0.00265803   0.00416257   0.00449664   0.00740822   0.00750236   0.00926896   0.00621744   -0.0057868   -0.00873811   -0.0108131   -0.0130867   -0.0146804   -0.0151153   -0.0158593   -0.0129575   -0.00154865   -0.000264107   -0.000324288   -0.00159389   -0.00196091   -0.00179028   -0.0030769   -0.00413051   -0.00341947   -0.00547125   -0.0111702   -0.00649065   -0.0168066   -0.0145914   0.0246162   1   0.326298   2.86461e-08   0.000817168   0.0107418   0.010764   0.0107642   0.00331394   -0.0016062   -0.00238493   -0.323672   -0.00684182   5.74149e-08   -0.0551353   -0.241035   
-0.00822281   -0.00541981   -0.00196958   -0.00756796   0.000343694   0.00780651   0.00187589   0.00341185   0.00764685   0.00234182   0.00201647   -0.0129861   -0.0313761   0.00225419   -0.0256316   -0.00601275   -0.00688687   0.00836314   0.00471617   -0.00768275   -0.00385463   -0.0115867   -0.0033247   0.00847622   -0.00452115   0.000187259   -0.0015074   -0.000124209   0.00343875   0.00671371   0.00142115   -0.00102734   -0.00202203   0.00644913   -0.00214091   0.0072844   -0.00131756   -0.00578291   0.00674223   0.000143297   0.0044378   -0.0055768   0.00500025   0.00538894   0.00769701   0.000338779   0.00779621   0.00022   0.00684221   0.00473968   -0.0140425   -0.00702481   0.000829835   0.00162385   -0.00847387   -0.00375584   -0.0100395   0.000900007   -0.00230574   0.0100333   0.0330603   1   0.0246162   -0.017964   3.21015e-08   -0.00012532   -0.00106552   -0.00144403   -0.00144404   -0.000274207   0.00105355   0.00681094   0.0174637   0.000121838   3.53887e-08   -0.00028065   -0.00761284   
0.00247208   0.00543432   -0.00138001   0.00595474   0.000861173   0.00332129   0.00127641   -0.000134333   0.00749418   0.00150113   0.00704485   0.00463769   -0.00031073   0.0063473   0.000110356   0.00134776   0.00110168   0.00145629   0.00185078   0.00767294   0.00250777   -0.00120914   -0.00326207   -0.0108727   -0.0118637   -0.0146212   -0.0126471   0.0480773   0.00831833   0.0140454   0.0169598   0.0147982   0.0168865   0.0201686   0.0146054   0.0105663   0.00952117   -0.0130938   -0.00796051   0.011397   0.00695901   0.00175529   0.000925533   -0.00159342   -0.00899714   -0.00844211   -0.0063207   0.048769   0.014285   0.0153733   0.0186535   0.0165814   0.0149454   0.0199171   0.0138677   0.0132733   0.0137272   -0.00733912   -0.0077198   -0.408708   1   0.0330603   -0.0145914   0.0230469   1.65758e-08   0.000647071   -0.00271399   0.0128627   0.0128627   -0.000840796   -0.0166651   -0.00201575   -0.0231075   0.00390058   3.28003e-08   0.0517227   0.0659653   
0.00320662   0.00111059   0.00283993   0.00130286   0.00240405   -0.000878661   0.00171161   0.00415023   0.0066769   0.00689038   0.00302049   0.000386103   -0.00183158   -0.00507523   0.00018945   0.00151399   -0.00330173   0.00322564   0.000722843   0.0026566   -0.00368778   -0.0023455   -0.00680268   -0.00012927   -0.00499239   -0.00238748   -0.00702227   0.0298642   0.0136249   0.0102138   0.00197796   0.0027388   0.00753595   0.00063602   -9.8886e-07   0.00689411   0.00161509   -0.0011762   -0.000891938   0.00412743   -0.000486849   -0.0029229   -0.00554189   -0.00789706   0.00121254   -0.00167985   -0.00438135   0.0376103   0.0126502   0.00941965   0.00908445   0.00707592   0.0130662   0.0021686   0.0103609   0.0109536   0.00255539   -0.000913114   0.0018551   1   -0.408708   0.0100333   -0.0168066   0.021805   3.58206e-08   0.000297096   -0.00148827   0.00670604   0.00670606   -0.000416383   -0.00831153   -0.0182241   -0.0222955   0.00162108   2.61935e-08   0.0221898   0.0210252   
0.000250054   0.000374717   0.000692931   0.000462464   0.000578003   0.000526366   0.000491784   0.000413236   -0.000131968   1.06254e-05   0.000145132   -1.12357e-05   0.000233566   -0.000174994   0.000276262   0.000117364   0.000329548   0.000368621   0.0002963   0.000225916   0.000285356   0.000434298   0.00056659   0.00063299   0.000677595   0.000768659   0.000730754   -0.000308053   -7.63102e-06   -0.000187631   -0.000118833   0.000127407   1.89671e-05   -7.42606e-05   3.05521e-05   -3.30008e-06   -5.52857e-05   0.000688564   0.000309976   0.000554051   0.000940308   0.00127068   0.00142537   0.00160701   0.00174823   0.00178584   0.00163367   -0.000268613   -0.000157904   4.21967e-05   5.07327e-05   0.000117469   1.14712e-06   0.000133117   0.000290981   0.000290967   0.000549554   0.00128366   1   0.0018551   -0.0077198   -0.00230574   -0.00649065   0.00420924   2.15748e-09   4.32879e-05   0.000357727   0.000379082   0.000379092   0.000119767   0.000489258   0.00723045   -0.00395589   -1.35275e-05   1.33243e-09   0.000675683   0.0101769   
0.000410457   0.000597736   0.00105271   0.000939638   0.00085454   0.00103314   0.00100149   0.000854083   -0.000152965   3.47296e-05   0.000237172   -1.60869e-05   0.000286343   -0.000167113   0.000393145   0.000364446   0.000328815   0.000623965   0.000592208   0.000266648   0.000489407   0.000788833   0.000932351   0.00103666   0.00107239   0.00101818   0.00100012   -0.00063132   -0.000105897   -0.000168154   6.61006e-06   -1.10424e-05   -7.5891e-05   -2.88401e-05   5.515e-05   -2.27799e-05   0.000173067   0.000920094   0.000559152   0.00122033   0.0017898   0.00221472   0.00259704   0.00283417   0.00296485   0.00297555   0.00260658   -0.000376504   -4.91049e-05   -2.62926e-05   -6.01335e-06   0.000176695   0.000201714   0.00038365   0.000526984   0.000582035   0.0010009   1   0.00128366   -0.000913114   -0.00733912   0.000900007   -0.0111702   0.00768821   -1.66744e-08   5.79565e-05   0.000552602   0.000612855   0.000612857   0.000165594   -0.000225601   -0.00156056   -0.00738686   -1.89186e-05   2.21465e-09   0.000666283   0.0181683   
0.000445546   0.000529434   0.000588303   0.000767132   0.000501135   0.000566703   0.000593125   0.000506668   0.000112098   0.000112618   0.000321264   0.000267651   0.000497182   -1.99389e-06   0.000517233   0.000354771   0.000214991   0.000319494   0.000329988   0.000449249   0.000328333   0.000526472   0.00037857   0.000188863   0.000265825   0.000120621   0.000124224   0.0011714   0.000270927   0.000309188   0.000435292   0.000361403   0.000475764   0.000402505   0.000404177   0.000243356   0.000393447   0.000200875   1.88115e-05   0.00104506   0.00114016   0.00132012   0.00135308   0.00135583   0.00133347   0.00138582   0.00109623   0.0014487   0.000420466   0.000406176   0.000709766   0.000666077   0.000655178   0.000711917   0.000865859   0.000837426   1   0.0010009   0.000549554   0.00255539   0.0137272   -0.0100395   -0.00547125   0.00542188   2.27431e-09   -3.04794e-05   0.00015434   -0.000472355   -0.000472353   8.62369e-05   -1.20304e-05   -0.00282084   -0.00561407   -0.000377654   1.73043e-09   -0.00477334   0.0124073   
0.000257665   0.000275172   0.000188699   0.000409466   0.000181385   0.000236355   0.000279486   0.000272091   0.000270617   0.000177828   0.000249321   0.000198442   0.000175623   5.24562e-05   0.00020928   0.000221656   -1.96677e-05   0.000160422   0.000152868   0.000569491   0.000433896   0.000562571   0.000426331   0.000384084   0.000359407   0.000240202   0.000163552   0.00170095   0.000473325   0.00058121   0.000559339   0.000410202   0.000619083   0.000579329   0.000508529   0.000527049   0.000604986   0.000205133   0.000110543   0.000910461   0.000813906   0.000809744   0.000826881   0.00077101   0.000800519   0.00077124   0.000577123   0.00199038   0.000671742   0.000553268   0.000746975   0.000684526   0.0008209   0.000718468   0.000837574   1   0.000837426   0.000582035   0.000290967   0.0109536   0.0132733   -0.00375584   -0.00341947   0.00162424   1.17689e-09   -1.03557e-05   0.000301833   -0.000187792   -0.000187783   9.79627e-05   0.00107996   -0.00521825   -0.00148315   -0.000194512   9.53879e-10   -0.00137121   0.00287635   
0.000337637   0.000373257   0.000321763   0.000511256   0.000291409   0.000285046   0.000333361   0.000302724   0.000223648   0.000167528   0.000289622   0.000254901   0.000346211   8.27806e-06   0.000364729   0.000245924   9.53296e-05   0.000190653   0.00017901   0.000495306   0.000284689   0.000410164   0.000229839   0.000101134   0.000118617   2.03342e-05   -2.71221e-05   0.00169472   0.000449832   0.000490278   0.000499363   0.000445144   0.000615189   0.00049853   0.000460577   0.000403197   0.000444323   7.62958e-05   -4.68221e-05   0.000833141   0.000755491   0.000803643   0.000751287   0.000698772   0.000717431   0.000734878   0.000531522   0.00196389   0.000583349   0.00054591   0.000815552   0.000718197   0.000758381   0.000691027   1   0.000837574   0.000865859   0.000526984   0.000290981   0.0103609   0.0138677   -0.00847387   -0.00413051   0.00284755   1.65563e-09   -4.65997e-06   0.000158056   -0.000276182   -0.000276173   1.58369e-05   0.0015185   -0.00215702   -0.00279247   -0.000169824   1.33736e-09   -0.00163337   0.00638411   
0.000203838   0.000266261   0.000174361   0.000390404   0.000186995   0.000308918   0.000289396   0.000262918   0.000280905   0.0001426   0.000272628   0.000138091   2.27352e-05   0.00010967   7.85991e-05   0.000180022   -1.18106e-05   0.000196841   0.000188137   0.000387108   0.000260004   0.000287268   0.000192101   0.000110816   3.27272e-05   -7.66949e-05   -9.76406e-05   0.0015754   0.000389341   0.000541388   0.000559549   0.000398966   0.000555118   0.000605229   0.000462766   0.000444249   0.000478686   -7.68269e-05   -1.00528e-05   0.000783962   0.000714995   0.000627108   0.000686104   0.000622942   0.000561469   0.000521374   0.000417167   0.00180577   0.000620337   0.000529579   0.000630138   0.000607631   0.000715397   1   0.000691027   0.000718468   0.000711917   0.00038365   0.000133117   0.0021686   0.0199171   0.00162385   -0.0030769   0.0019151   9.6143e-09   -5.55876e-06   0.00016433   -0.00032813   -0.00032813   6.08023e-05   0.00111031   -0.00432169   -0.00195776   -0.000179636   9.489e-09   -0.00151133   0.00474095   
0.000157938   0.000124024   -6.94453e-05   0.000282445   -3.91494e-05   0.000115767   0.000176598   0.000203828   0.000365584   0.000206872   0.000204566   0.000166798   -1.55253e-05   0.000128683   3.44872e-05   0.000220707   -0.000226458   6.74307e-05   9.28637e-05   0.000457855   0.0003379   0.000425761   0.000233472   0.000231911   0.000136528   -5.18313e-05   -0.000127331   0.00181514   0.000495104   0.000725025   0.000654636   0.000293147   0.00058531   0.00063234   0.000485155   0.000562427   0.000708219   -7.0036e-05   5.80058e-05   0.000827278   0.000581315   0.000406511   0.000430948   0.000295402   0.000292441   0.000206919   3.30605e-05   0.00217614   0.000834553   0.000537648   0.000680728   0.000631251   1   0.000715397   0.000758381   0.0008209   0.000655178   0.000201714   1.14712e-06   0.0130662   0.0149454   0.000829835   -0.00179028   0.000178723   6.60799e-10   1.35103e-06   0.000221482   -0.000289088   -0.000289088   5.31978e-05   0.00112879   -0.0118161   -0.00012923   -0.000178264   5.90293e-10   -0.00128025   -0.000472366   
0.000234924   0.000274116   0.000170362   0.00027688   0.000187784   9.50836e-05   0.00010586   9.6344e-05   0.000232201   0.000137438   0.000257606   0.000218811   0.000240117   2.76234e-05   0.000239909   9.83216e-05   0.000118539   0.000103802   6.26659e-05   0.000492981   0.000237711   0.000262938   0.000138445   -1.12715e-06   3.40273e-06   -8.8018e-06   -5.69829e-05   0.00180564   0.00047432   0.000472368   0.000453664   0.00054907   0.000666343   0.000532131   0.000480922   0.00044278   0.000340966   1.49317e-05   -0.000117167   0.000546575   0.000435277   0.000436391   0.000326586   0.000273334   0.000268822   0.000293074   0.000229546   0.00193107   0.000508991   0.00059402   0.000802996   1   0.000631251   0.000607631   0.000718197   0.000684526   0.000666077   0.000176695   0.000117469   0.00707592   0.0165814   -0.00702481   -0.00196091   0.00131437   1.15846e-09   -3.43495e-06   0.000179146   -0.000240119   -0.00024011   2.07543e-05   0.00187139   0.00330252   -0.00123299   -0.000100358   1.06868e-09   -0.000935962   0.00275731   
0.000255937   0.000269514   8.4608e-05   0.000210225   0.000120456   -9.12923e-05   -4.31408e-05   -3.98034e-05   0.000237141   0.000141157   0.000244   0.000319901   0.000415239   2.20088e-05   0.000366334   7.1406e-05   0.000160138   -4.95729e-06   -4.32047e-05   0.000639069   0.000297536   0.000337073   0.000160383   -5.67694e-05   2.45918e-05   2.2765e-05   -3.97028e-05   0.00218633   0.000562632   0.000520568   0.000489518   0.000682503   0.000817421   0.000585801   0.000579628   0.000510176   0.000378375   6.0533e-05   -0.000187738   0.000474478   0.000268272   0.000305619   7.30346e-05   -1.70318e-07   -3.35215e-06   6.83177e-05   1.1407e-05   0.00226579   0.000533992   0.000686026   1   0.000802996   0.000680728   0.000630138   0.000815552   0.000746975   0.000709766   -6.01335e-06   5.07327e-05   0.00908445   0.0186535   -0.0140425   -0.00159389   9.41098e-05   5.92822e-10   1.71424e-05   0.000211135   0.000218511   0.00021852   3.52466e-05   -0.000416728   0.00590605   5.12064e-05   -7.35348e-05   6.05113e-10   -0.000302464   -4.38599e-05   
6.55693e-05   0.000136318   5.88978e-05   -5.53413e-05   0.000144483   -1.75771e-05   -0.00010492   -6.07838e-05   0.000334495   0.000158842   0.000254475   3.51483e-05   -0.000195664   2.02416e-05   -0.000149172   -0.000134352   0.000102579   0.000139917   -3.36101e-06   0.000493495   0.00021167   7.37299e-05   0.00011474   0.000147544   -1.09587e-05   0.000168126   5.89098e-05   0.00202261   0.000613174   0.000538601   0.000383552   0.000699534   0.000751842   0.000623986   0.000492153   0.000623027   0.000214935   5.9975e-05   -4.55604e-05   0.000297702   0.000225993   0.000119462   5.95934e-05   2.73869e-05   0.00010935   5.32061e-05   0.000204731   0.00200592   0.00051728   1   0.000686026   0.00059402   0.000537648   0.000529579   0.00054591   0.000553268   0.000406176   -2.62926e-05   4.21967e-05   0.00941965   0.0153733   0.00473968   -0.000324288   -0.000780345   9.241e-09   9.5005e-06   0.000198435   9.78413e-05   9.78498e-05   5.20689e-05   -8.03198e-05   0.0115086   0.000879122   -8.29079e-05   9.30934e-09   -0.00105329   -0.00129908   
3.24384e-05   -9.33695e-06   -0.0002304   8.83486e-05   -0.000162925   1.01623e-05   4.33907e-05   9.82166e-05   0.000401497   0.000202375   0.000154623   7.4551e-05   -0.000248653   0.000155485   -0.000180811   0.000124651   -0.000313011   2.29723e-05   3.39207e-05   0.000364453   0.000269235   0.000279506   0.000138576   0.000211268   4.45265e-05   -0.000104595   -0.000189284   0.0017299   0.000487992   0.000740979   0.000618221   0.000249439   0.000530568   0.000629679   0.000434003   0.000582377   0.00066226   -0.000162589   6.62859e-05   0.000634071   0.000355239   8.34016e-05   0.00013359   -1.56305e-05   -1.40795e-05   -0.000142046   -0.000222349   0.00204056   1   0.00051728   0.000533992   0.000508991   0.000834553   0.000620337   0.000583349   0.000671742   0.000420466   -4.91049e-05   -0.000157904   0.0126502   0.014285   0.00684221   -0.000264107   -0.00110912   3.07964e-10   5.67964e-06   0.000222403   -0.000221175   -0.000221175   5.65104e-05   3.79866e-05   -0.0115698   0.00128449   -6.21044e-05   3.65323e-10   -0.0003555   -0.00354004   
0.000366638   0.000390106   -0.000112566   0.000286091   7.97732e-05   -6.58215e-05   -5.75113e-05   5.94278e-05   0.00106991   0.000567792   0.00070064   0.000423329   -0.000119813   0.000197613   -1.75008e-05   0.000105303   -0.000145339   0.000188664   1.99977e-05   0.00131636   0.000520443   0.000389201   1.73283e-05   -7.5535e-05   -0.000410012   -0.000405713   -0.000657855   0.00619212   0.00174142   0.00191692   0.00154997   0.00157249   0.00210074   0.00183911   0.00143657   0.00167887   0.00120546   -0.000433888   -0.000345608   0.00135538   0.000697912   0.000223606   -4.30072e-05   -0.000370383   -0.000277479   -0.000432478   -0.000424357   1   0.00204056   0.00200592   0.00226579   0.00193107   0.00217614   0.00180577   0.00196389   0.00199038   0.0014487   -0.000376504   -0.000268613   0.0376103   0.048769   0.00022   -0.00154865   -0.00091103   2.07157e-09   1.97159e-05   0.000323532   2.8599e-06   2.86007e-06   9.63036e-05   0.000975388   0.00236966   0.00116642   -0.000142449   2.69352e-09   -0.00176206   -0.00278597   
0.000429575   0.000757305   0.00141075   0.000912678   0.00121851   0.00123648   0.00105604   0.000889637   -0.00015952   2.35597e-05   0.000366985   -0.000152005   0.000109857   -0.000264812   0.000262289   0.000174141   0.000638116   0.000875895   0.000693418   0.000383071   0.000539551   0.000713218   0.00109466   0.00127881   0.00122448   0.00144413   0.00138923   -0.000467917   7.80781e-06   -0.000275327   -0.000135122   0.000341772   8.78352e-05   5.02511e-05   0.000122818   9.59683e-05   -0.000111824   0.00122661   0.000643729   0.00119415   0.0020478   0.00258641   0.0030406   0.00340952   0.00363321   0.00363983   1   -0.000424357   -0.000222349   0.000204731   1.1407e-05   0.000229546   3.30605e-05   0.000417167   0.000531522   0.000577123   0.00109623   0.00260658   0.00163367   -0.00438135   -0.0063207   0.00779621   -0.0129575   0.00878288   -1.54731e-08   7.80393e-05   0.000680249   0.000713333   0.000713358   0.000134704   -0.000897697   0.015709   -0.00839067   -0.000130388   3.32117e-09   6.59675e-05   0.0222259   
0.000614562   0.000918042   0.00160104   0.00132578   0.00132549   0.00147869   0.00139644   0.00118093   -0.000215984   4.83241e-05   0.00039433   -1.89861e-05   0.000435918   -0.000279839   0.000587019   0.000453288   0.000599618   0.000935901   0.0008446   0.000323566   0.000531447   0.000883765   0.00110033   0.00120202   0.00123783   0.00125867   0.00124357   -0.000710173   -0.000100145   -0.000288992   -5.57876e-05   0.000122463   -3.60937e-05   -5.49279e-05   6.29912e-05   -7.447e-05   3.32647e-05   0.00117053   0.000632443   0.00157032   0.00240911   0.00302611   0.00350364   0.00384737   0.00404512   1   0.00363983   -0.000432478   -0.000142046   5.32061e-05   6.83177e-05   0.000293074   0.000206919   0.000521374   0.000734878   0.00077124   0.00138582   0.00297555   0.00178584   -0.00167985   -0.00844211   0.000338779   -0.0158593   0.0115499   -2.97275e-09   6.34546e-05   0.000600945   0.000600779   0.000600784   0.00016315   -0.00121419   0.00485927   -0.0111948   -7.5947e-05   -4.55895e-09   0.000229315   0.0282563   
0.000552652   0.000848921   0.00152804   0.00125075   0.0012754   0.00150066   0.00139037   0.00120293   -0.000124688   8.51615e-05   0.000401982   -0.00010312   0.00019344   -0.000248713   0.000385114   0.000427799   0.000490829   0.000971836   0.000861236   0.000309819   0.000547666   0.000863523   0.00111496   0.00132252   0.00125415   0.0012844   0.00124062   -0.000599772   -3.35479e-05   -0.000172599   -3.97408e-07   0.000100835   -2.15651e-05   2.4388e-05   7.41037e-05   3.30207e-05   0.000109797   0.00114183   0.000710479   0.00162537   0.00245344   0.00297332   0.00352498   0.00384804   1   0.00404512   0.00363321   -0.000277479   -1.40795e-05   0.00010935   -3.35215e-06   0.000268822   0.000292441   0.000561469   0.000717431   0.000800519   0.00133347   0.00296485   0.00174823   0.00121254   -0.00899714   0.00769701   -0.0151153   0.010953   5.62048e-09   6.19939e-05   0.000543454   0.000749661   0.000749665   0.000118065   -0.00102309   0.00277861   -0.010766   -0.000184065   3.69104e-09   -0.00125338   0.0269325   
0.000548022   0.000836322   0.00142623   0.00130045   0.00117843   0.001489   0.00138976   0.00117668   -0.000151891   3.7672e-05   0.00038379   -4.25657e-05   0.000278   -0.000157242   0.000442337   0.000485985   0.000448453   0.000892532   0.000847052   0.000271163   0.000549769   0.000874985   0.00107848   0.0011652   0.00115967   0.00107787   0.00109698   -0.000700576   -0.000148381   -0.000178601   9.26916e-05   3.81878e-05   -6.47421e-05   7.10938e-05   0.000108084   -3.22889e-05   0.000199745   0.000980554   0.00063733   0.00165243   0.0024279   0.00291697   0.00346263   1   0.00384804   0.00384737   0.00340952   -0.000370383   -1.56305e-05   2.73869e-05   -1.70318e-07   0.000273334   0.000295402   0.000622942   0.000698772   0.00077101   0.00135583   0.00283417   0.00160701   -0.00789706   -0.00159342   0.00538894   -0.0146804   0.0109226   5.21575e-09   4.49834e-05   0.00046346   0.000786053   0.000786057   0.000168704   0.00102743   -0.00190164   -0.0107013   -0.00016288   2.38931e-08   -0.00129573   0.0266852   
0.000553111   0.000795516   0.00129947   0.00129429   0.00106867   0.00143391   0.00135853   0.00116681   -7.57327e-05   6.62606e-05   0.000386578   1.55456e-06   0.000273914   -0.00010246   0.000433528   0.000537116   0.000339599   0.000835746   0.000820408   0.000242242   0.000489698   0.000818362   0.000932118   0.000987643   0.000964071   0.000810352   0.000836574   -0.000448665   -9.96772e-05   -5.41963e-05   0.000199098   1.39511e-06   -2.19007e-05   0.000133021   0.000133519   -4.82244e-06   0.000296635   0.000764629   0.000547591   0.00167859   0.0023351   0.00273468   1   0.00346263   0.00352498   0.00350364   0.0030406   -4.30072e-05   0.00013359   5.95934e-05   7.30346e-05   0.000326586   0.000430948   0.000686104   0.000751287   0.000826881   0.00135308   0.00259704   0.00142537   -0.00554189   0.000925533   0.00500025   -0.0130867   0.0106125   4.57133e-09   8.49151e-08   0.000320593   0.000435004   0.000435008   0.000192533   3.92314e-05   -0.00655868   -0.0107091   -0.000422191   3.26355e-09   -0.00462238   0.0258663   
0.000588874   0.00078404   0.00119803   0.00118992   0.000983416   0.0011719   0.00114405   0.000969877   -0.000102596   5.48824e-05   0.00036533   0.000136361   0.000544835   -0.000128895   0.00063008   0.000494451   0.000418344   0.000678033   0.000666808   0.000337519   0.000446095   0.000777891   0.000800729   0.000727131   0.000811648   0.000686391   0.000711223   -0.000101274   -2.62035e-05   -6.98676e-05   0.000174842   0.000133007   0.000111366   0.000109573   0.000186599   -1.34859e-05   0.000230975   0.000706983   0.000361896   0.0014489   0.00198357   1   0.00273468   0.00291697   0.00297332   0.00302611   0.00258641   0.000223606   8.34016e-05   0.000119462   0.000305619   0.000436391   0.000406511   0.000627108   0.000803643   0.000809744   0.00132012   0.00221472   0.00127068   -0.0029229   0.00175529   -0.0055768   -0.0108131   0.00981571   1.21579e-08   -9.90272e-06   0.000253904   0.000110735   0.000110738   4.09038e-05   0.000365149   -0.00210726   -0.0100614   -0.000445378   1.09751e-08   -0.0055712   0.0232944   
0.000461295   0.000629378   0.000933792   0.00103199   0.000779848   0.00109475   0.00104252   0.000912082   7.69941e-05   0.000114324   0.000372818   5.27857e-05   0.000179737   -2.90725e-05   0.000315467   0.000453787   0.000189227   0.000642301   0.000632956   0.000232344   0.000330914   0.000557979   0.000558861   0.000568873   0.0004978   0.000339596   0.000353356   0.00029763   8.70338e-05   0.000182781   0.000343824   0.000101687   0.000166901   0.000285358   0.000218641   0.000126951   0.000352158   0.00034989   0.000302087   0.00139873   1   0.00198357   0.0023351   0.0024279   0.00245344   0.00240911   0.0020478   0.000697912   0.000355239   0.000225993   0.000268272   0.000435277   0.000581315   0.000714995   0.000755491   0.000813906   0.00114016   0.0017898   0.000940308   -0.000486849   0.00695901   0.0044378   -0.00873811   0.00843729   1.19868e-08   -3.44047e-05   0.000140247   -0.000122589   -0.000122578   4.43397e-05   0.00152813   -0.00756333   -0.00887354   -0.000443259   2.85415e-09   -0.00560507   0.020162   
0.000348634   0.000394788   0.000423093   0.000775846   0.000340037   0.000661815   0.000704453   0.000637614   0.000193499   0.000148104   0.000262404   0.000161972   0.000191024   9.00498e-05   0.000270171   0.000446312   -7.57246e-05   0.000332513   0.000395567   0.000410057   0.000483673   0.000736037   0.000602636   0.000576481   0.000553134   0.000265098   0.000248069   0.000896319   0.000217258   0.000466493   0.000571373   9.69024e-05   0.000328241   0.000470956   0.000385218   0.000336436   0.000712399   0.000254353   0.000283063   1   0.00139873   0.0014489   0.00167859   0.00165243   0.00162537   0.00157032   0.00119415   0.00135538   0.000634071   0.000297702   0.000474478   0.000546575   0.000827278   0.000783962   0.000833141   0.000910461   0.00104506   0.00122033   0.000554051   0.00412743   0.011397   0.000143297   -0.0057868   0.00463635   -6.23375e-09   -3.36697e-06   0.000269394   0.000185117   0.000185127   8.62959e-05   0.000144662   -0.0158421   -0.00476197   -0.000427615   -6.77472e-09   -0.00423887   0.00983502   
-0.000295262   -0.000384501   -0.000510274   -0.000506857   -0.000436479   -0.000401521   -0.000384213   -0.000300568   -3.03794e-06   -4.81308e-05   -0.000256955   -0.000132641   -0.00032907   0.000108391   -0.000367619   -0.000165591   -0.000271843   -0.000257019   -0.000241988   0.000672001   0.00101997   0.00115135   0.00140672   0.00168943   0.00173502   0.00170763   0.00155636   -0.000240822   3.48455e-05   0.000158446   0.00010096   -1.2537e-05   6.55057e-05   0.000246238   0.000302985   0.000548346   0.000705624   0.00121374   1   0.000283063   0.000302087   0.000361896   0.000547591   0.00063733   0.000710479   0.000632443   0.000643729   -0.000345608   6.62859e-05   -4.55604e-05   -0.000187738   -0.000117167   5.80058e-05   -1.00528e-05   -4.68221e-05   0.000110543   1.88115e-05   0.000559152   0.000309976   -0.000891938   -0.00796051   0.00674223   0.00621744   -0.00490479   -2.57855e-09   1.4672e-05   -0.000130034   9.58687e-05   9.58658e-05   -3.35128e-05   -0.000681063   -0.00499364   0.00504358   0.000186069   -2.38528e-09   0.00213773   -0.0184787   
-0.000317778   -0.000428511   -0.000582736   -0.000791451   -0.000486953   -0.000785317   -0.000743126   -0.000634307   -0.000144954   -0.000121676   -0.000362352   -3.95725e-05   -2.11476e-05   3.44752e-05   -0.000178762   -0.00035011   -5.33624e-05   -0.000449618   -0.00048391   0.00131863   0.00167381   0.00190512   0.00230664   0.00257298   0.00283754   0.00295463   0.00270493   -5.64668e-05   0.000139925   5.66674e-05   1.32335e-06   0.000331438   0.000329334   0.000318058   0.00058044   0.000839787   0.000872184   1   0.00121374   0.000254353   0.00034989   0.000706983   0.000764629   0.000980554   0.00114183   0.00117053   0.00122661   -0.000433888   -0.000162589   5.9975e-05   6.0533e-05   1.49317e-05   -7.0036e-05   -7.68269e-05   7.62958e-05   0.000205133   0.000200875   0.000920094   0.000688564   -0.0011762   -0.0130938   -0.00578291   0.00926896   -0.00742581   -1.23896e-08   2.01445e-05   -0.000201035   5.60234e-06   5.61522e-06   -4.15763e-05   -0.000945501   0.00778044   0.00759055   0.000278487   -1.19905e-08   0.00362802   -0.0281163   
-0.000207156   -0.000400742   -0.000865003   -0.000375654   -0.000745571   -0.000571944   -0.000443367   -0.000338932   0.000223611   4.24438e-05   -0.000196594   0.000133953   -0.000115039   0.000310946   -0.000199049   4.67424e-05   -0.000535763   -0.000462996   -0.000326918   0.000957763   0.00120822   0.00142741   0.00139827   0.00148414   0.0015934   0.00127619   0.00114015   0.00105684   0.000277433   0.000682543   0.000661482   9.84244e-05   0.000451298   0.000697993   0.000675292   0.00084839   1   0.000872184   0.000705624   0.000712399   0.000352158   0.000230975   0.000296635   0.000199745   0.000109797   3.32647e-05   -0.000111824   0.00120546   0.00066226   0.000214935   0.000378375   0.000340966   0.000708219   0.000478686   0.000444323   0.000604986   0.000393447   0.000173067   -5.52857e-05   0.00161509   0.00952117   -0.00131756   0.00750236   -0.00629312   -3.61213e-09   -6.05384e-05   -0.000283689   -0.000857064   -0.000857059   -3.31035e-05   0.00133718   -0.0198676   0.0061595   2.14034e-05   -3.02606e-09   -0.000258479   -0.0225622   
-0.000245867   -0.000318946   -0.000632401   -0.000614541   -0.000458335   -0.000570546   -0.000602865   -0.000467784   0.0003307   9.25925e-05   -3.71063e-05   -2.40995e-05   -0.000427666   0.000176837   -0.000455333   -0.000273883   -0.000242749   -0.000257658   -0.000332052   0.000977817   0.000980154   0.000941662   0.00110875   0.00130452   0.00122789   0.0013056   0.00110003   0.00178551   0.00058619   0.000687515   0.000498507   0.000586194   0.000753137   0.0008017   0.000718488   1   0.00084839   0.000839787   0.000548346   0.000336436   0.000126951   -1.34859e-05   -4.82244e-06   -3.22889e-05   3.30207e-05   -7.447e-05   9.59683e-05   0.00167887   0.000582377   0.000623027   0.000510176   0.00044278   0.000562427   0.000444249   0.000403197   0.000527049   0.000243356   -2.27799e-05   -3.30008e-06   0.00689411   0.0105663   0.0072844   0.00740822   -0.00642589   -1.04733e-08   -4.71252e-05   -0.00016852   -0.000796826   -0.000796829   -8.53203e-05   0.00128473   0.00294342   0.0062745   -2.59845e-05   -9.85712e-09   -0.000301265   -0.0204456   
-6.78061e-05   -0.000105274   -0.000373291   -0.000270138   -0.00026486   -0.000362021   -0.000363179   -0.000303063   0.000208452   4.78969e-05   2.25137e-05   0.000113594   -4.25118e-05   0.000152408   -9.91082e-05   -0.000113105   -8.34267e-05   -0.000196709   -0.000216   0.000802277   0.000760043   0.000780095   0.000833004   0.00081759   0.000863369   0.000853283   0.000745405   0.00150476   0.000413402   0.000502478   0.000457189   0.000516809   0.000644729   0.000652814   1   0.000718488   0.000675292   0.00058044   0.000302985   0.000385218   0.000218641   0.000186599   0.000133519   0.000108084   7.41037e-05   6.29912e-05   0.000122818   0.00143657   0.000434003   0.000492153   0.000579628   0.000480922   0.000485155   0.000462766   0.000460577   0.000508529   0.000404177   5.515e-05   3.05521e-05   -9.8886e-07   0.0146054   -0.00214091   0.00449664   -0.00356741   -1.48723e-09   -3.40742e-05   -1.19922e-05   -0.000732196   -0.000732198   1.45884e-05   0.000896432   0.00188922   0.00352673   -6.72934e-05   -1.07888e-09   -0.000545634   -0.0124229   
-9.20252e-05   -9.4434e-05   -0.000366617   -0.000232459   -0.000235775   -0.000230921   -0.000278978   -0.000215074   0.000340683   0.000103023   0.00010219   4.28946e-05   -0.00029773   0.000197485   -0.000289784   -0.000111447   -0.000159684   -9.09496e-05   -0.000132242   0.000707535   0.00064084   0.000578687   0.000639986   0.000679027   0.000587779   0.000579629   0.000473555   0.00183935   0.000507615   0.000670166   0.000583466   0.000554392   0.000711863   1   0.000652814   0.0008017   0.000697993   0.000318058   0.000246238   0.000470956   0.000285358   0.000109573   0.000133021   7.10938e-05   2.4388e-05   -5.49279e-05   5.02511e-05   0.00183911   0.000629679   0.000623986   0.000585801   0.000532131   0.00063234   0.000605229   0.00049853   0.000579329   0.000402505   -2.88401e-05   -7.42606e-05   0.00063602   0.0201686   0.00644913   0.00416257   -0.00297425   -8.0771e-10   -4.11462e-05   -0.000119782   -0.000833777   -0.000833778   -5.37169e-05   0.000399438   7.58597e-05   0.00288188   1.77694e-06   -3.53133e-10   -0.000286347   -0.0103789   
3.49364e-05   4.73418e-05   -0.000155542   -0.000183237   -4.63668e-05   -0.000262541   -0.00030059   -0.000238153   0.000306153   0.000125135   0.000172593   0.000129673   -3.61083e-05   7.09869e-05   -5.887e-05   -0.000147287   6.1652e-05   -4.90849e-05   -0.00015083   0.000757402   0.000506626   0.000438871   0.000458407   0.000428872   0.000389847   0.000510132   0.000383441   0.00216667   0.000628702   0.000587243   0.000462059   0.000754064   1   0.000711863   0.000644729   0.000753137   0.000451298   0.000329334   6.55057e-05   0.000328241   0.000166901   0.000111366   -2.19007e-05   -6.47421e-05   -2.15651e-05   -3.60937e-05   8.78352e-05   0.00210074   0.000530568   0.000751842   0.000817421   0.000666343   0.00058531   0.000555118   0.000615189   0.000619083   0.000475764   -7.5891e-05   1.89671e-05   0.00753595   0.0168865   -0.00202203   0.00265803   -0.0022947   -2.39182e-10   -2.81593e-05   4.1163e-05   -0.000688425   -0.000688426   3.83693e-05   1.74923e-05   0.00995934   0.00232924   -0.000109671   5.65824e-11   -0.00146178   -0.00740208   
4.22304e-05   0.000131888   6.7845e-05   -0.000176613   0.000157126   -0.00015785   -0.000260001   -0.00023002   0.000201342   7.47342e-05   0.000200504   6.02858e-05   -3.76435e-05   -1.50629e-05   -5.03343e-05   -0.000242526   0.000268967   5.93293e-05   -0.000100144   0.000612876   0.000332786   0.000189791   0.000312136   0.000273555   0.000230124   0.000492189   0.000391287   0.00178742   0.000534601   0.000345112   0.000242828   1   0.000754064   0.000554392   0.000516809   0.000586194   9.84244e-05   0.000331438   -1.2537e-05   9.69024e-05   0.000101687   0.000133007   1.39511e-06   3.81878e-05   0.000100835   0.000122463   0.000341772   0.00157249   0.000249439   0.000699534   0.000682503   0.00054907   0.000293147   0.000398966   0.000445144   0.000410202   0.000361403   -1.10424e-05   0.000127407   0.0027388   0.0147982   -0.00102734   0.00161431   -0.00103185   5.22409e-10   -3.57572e-05   -6.57818e-05   -0.000749135   -0.000749126   -6.43245e-05   0.00019607   0.0194414   0.00104797   1.0026e-05   6.78731e-10   0.000205282   -0.003318   
2.41098e-05   -8.96423e-06   -0.000253795   7.42326e-05   -0.000193485   -5.02388e-05   -1.57676e-05   6.94989e-06   0.000269109   0.000107714   9.67064e-05   0.000124121   -7.10268e-05   0.000182812   -5.89824e-05   0.000111567   -0.000225974   -6.53532e-05   -1.70285e-05   0.000430013   0.000399588   0.000441859   0.000336663   0.000296611   0.000258782   8.0419e-05   4.0763e-05   0.00135812   0.000325959   0.000574481   1   0.000242828   0.000462059   0.000583466   0.000457189   0.000498507   0.000661482   1.32335e-06   0.00010096   0.000571373   0.000343824   0.000174842   0.000199098   9.26916e-05   -3.97408e-07   -5.57876e-05   -0.000135122   0.00154997   0.000618221   0.000383552   0.000489518   0.000453664   0.000654636   0.000559549   0.000499363   0.000559339   0.000435292   6.61006e-06   -0.000118833   0.00197796   0.0169598   0.00142115   0.00189261   -0.000648862   -2.1578e-10   -2.32668e-05   4.05332e-06   -0.000827366   -0.000827367   -4.39157e-05   0.00120853   -0.0101051   0.000634387   1.40063e-05   -4.42421e-11   0.00028184   -0.00452586   
-6.69364e-05   -0.000119906   -0.000386935   -0.000149679   -0.000280546   -0.000200605   -0.000185487   -0.000105994   0.000379287   0.000164067   8.79401e-05   4.84405e-05   -0.000304834   0.0001672   -0.000269532   -8.40765e-06   -0.000296927   -8.55476e-05   -9.57906e-05   0.000506965   0.000426893   0.000403457   0.000344135   0.000435611   0.00029717   0.000216994   0.00010565   0.00174945   0.000507134   1   0.000574481   0.000345112   0.000587243   0.000670166   0.000502478   0.000687515   0.000682543   5.66674e-05   0.000158446   0.000466493   0.000182781   -6.98676e-05   -5.41963e-05   -0.000178601   -0.000172599   -0.000288992   -0.000275327   0.00191692   0.000740979   0.000538601   0.000520568   0.000472368   0.000725025   0.000541388   0.000490278   0.00058121   0.000309188   -0.000168154   -0.000187631   0.0102138   0.0140454   0.00671371   0.00299536   -0.00258424   -4.92615e-10   -3.21789e-05   -1.64685e-05   -0.000534749   -0.00053475   -3.78459e-05   -0.000284208   -0.00703429   0.00258564   6.04511e-05   -2.30674e-10   0.000251594   -0.00880532   
1.09338e-05   1.83178e-05   -8.46884e-05   -0.00015261   -3.2158e-06   -0.000151128   -0.000185719   -0.000117057   0.000298592   0.000154242   0.000157683   2.7471e-05   -0.000190297   9.35405e-06   -0.000160005   -0.000123905   -8.74096e-06   3.57548e-05   -7.51705e-05   0.000472636   0.000252216   0.000167384   0.000178684   0.000264914   0.000131071   0.000267096   0.000138055   0.00172689   1   0.000507134   0.000325959   0.000534601   0.000628702   0.000507615   0.000413402   0.00058619   0.000277433   0.000139925   3.48455e-05   0.000217258   8.70338e-05   -2.62035e-05   -9.96772e-05   -0.000148381   -3.35479e-05   -0.000100145   7.80781e-06   0.00174142   0.000487992   0.000613174   0.000562632   0.00047432   0.000495104   0.000389341   0.000449832   0.000473325   0.000270927   -0.000105897   -7.63102e-06   0.0136249   0.00831833   0.00343875   0.00203718   -0.00125986   4.71223e-10   -4.43488e-05   -7.66917e-05   -0.000730144   -0.000730136   -2.96735e-05   0.000607307   0.00725121   0.00119814   3.9452e-05   5.23258e-10   -0.000390461   -0.00448144   
0.000182329   0.000217124   -0.000320207   -0.000177818   -5.81755e-05   -0.000435198   -0.000495253   -0.000344088   0.000978888   0.000463845   0.000584471   0.000351289   -0.000211996   0.000188813   -0.00017488   -0.000197364   -1.00027e-05   1.97898e-05   -0.000214869   0.00150605   0.000713146   0.00047439   0.000298994   0.000216266   -5.93055e-05   0.000143101   -0.000139971   1   0.00172689   0.00174945   0.00135812   0.00178742   0.00216667   0.00183935   0.00150476   0.00178551   0.00105684   -5.64668e-05   -0.000240822   0.000896319   0.00029763   -0.000101274   -0.000448665   -0.000700576   -0.000599772   -0.000710173   -0.000467917   0.00619212   0.0017299   0.00202261   0.00218633   0.00180564   0.00181514   0.0015754   0.00169472   0.00170095   0.0011714   -0.00063132   -0.000308053   0.0298642   0.0480773   -0.000124209   0.00393348   -0.00340696   7.69347e-10   -2.86987e-05   0.000133699   -0.000656636   -0.000656628   6.79814e-05   -0.000714713   0.0158972   0.00355526   -4.50823e-06   1.74001e-09   -0.00119412   -0.0109881   
-0.000505706   -0.000642547   -0.000887194   -0.0011286   -0.000730622   -0.00103752   -0.00102374   -0.000876192   -0.000149419   -0.000177523   -0.000485981   -0.000118515   -0.000228856   0.000118244   -0.000415945   -0.000501482   -0.000149327   -0.000605408   -0.000642732   0.00161653   0.00211817   0.00234491   0.00290415   0.00326393   0.0035486   0.00368824   1   -0.000139971   0.000138055   0.00010565   4.0763e-05   0.000391287   0.000383441   0.000473555   0.000745405   0.00110003   0.00114015   0.00270493   0.00155636   0.000248069   0.000353356   0.000711223   0.000836574   0.00109698   0.00124062   0.00124357   0.00138923   -0.000657855   -0.000189284   5.89098e-05   -3.97028e-05   -5.69829e-05   -0.000127331   -9.76406e-05   -2.71221e-05   0.000163552   0.000124224   0.00100012   0.000730754   -0.00702227   -0.0126471   -0.0015074   0.0131318   -0.010441   2.40444e-09   1.89236e-05   -0.000304575   -8.93096e-05   -8.93151e-05   -6.71391e-05   -0.00029831   0.00847496   0.0105233   0.000395215   3.15909e-09   0.0043268   -0.0379024   
-0.000570745   -0.00073067   -0.00101155   -0.00129934   -0.000822741   -0.00118594   -0.00117214   -0.000985737   -9.44769e-05   -0.000151718   -0.000514577   -0.000146848   -0.00033517   0.000118401   -0.000525645   -0.000582558   -0.000197467   -0.000659056   -0.000726508   0.00181563   0.00232036   0.0025451   0.00315478   0.00360205   0.00386312   1   0.00368824   0.000143101   0.000267096   0.000216994   8.0419e-05   0.000492189   0.000510132   0.000579629   0.000853283   0.0013056   0.00127619   0.00295463   0.00170763   0.000265098   0.000339596   0.000686391   0.000810352   0.00107787   0.0012844   0.00125867   0.00144413   -0.000405713   -0.000104595   0.000168126   2.2765e-05   -8.8018e-06   -5.18313e-05   -7.66949e-05   2.03342e-05   0.000240202   0.000120621   0.00101818   0.000768659   -0.00238748   -0.0146212   0.000187259   0.0148342   -0.0119619   -6.28856e-09   1.40949e-05   -0.000335824   0.000139993   0.000139987   -9.21687e-05   -0.000362805   0.010194   0.0119832   0.000399674   -5.41202e-09   0.0048433   -0.0428147   
-0.000521535   -0.000751067   -0.00114885   -0.00110167   -0.00098786   -0.00114977   -0.00103969   -0.000873049   -0.00010627   -0.00015737   -0.000570621   -2.93704e-05   -0.000154388   0.000221864   -0.000368346   -0.000357534   -0.000394957   -0.000762327   -0.000698528   0.00179116   0.00240944   0.00277713   0.00322976   0.00358671   1   0.00386312   0.0035486   -5.93055e-05   0.000131071   0.00029717   0.000258782   0.000230124   0.000389847   0.000587779   0.000863369   0.00122789   0.0015934   0.00283754   0.00173502   0.000553134   0.0004978   0.000811648   0.000964071   0.00115967   0.00125415   0.00123783   0.00122448   -0.000410012   4.45265e-05   -1.09587e-05   2.45918e-05   3.40273e-06   0.000136528   3.27272e-05   0.000118617   0.000359407   0.000265825   0.00107239   0.000677595   -0.00499239   -0.0118637   -0.00452115   0.0144146   -0.0116809   -6.92148e-09   -3.7477e-06   -0.000419574   -0.000150098   -0.000150105   -0.000192048   -0.00078356   -0.00489162   0.0116729   0.000390959   -6.04916e-09   0.00421728   -0.042992   
-0.000555119   -0.000732308   -0.00104854   -0.00109456   -0.000869373   -0.000951277   -0.000923072   -0.000739626   4.55194e-05   -7.86016e-05   -0.000462869   -0.000181512   -0.000542741   0.00021329   -0.000657894   -0.00040385   -0.000443267   -0.000566087   -0.000574801   0.00162344   0.00219776   0.00244183   0.00295207   1   0.00358671   0.00360205   0.00326393   0.000216266   0.000264914   0.000435611   0.000296611   0.000273555   0.000428872   0.000679027   0.00081759   0.00130452   0.00148414   0.00257298   0.00168943   0.000576481   0.000568873   0.000727131   0.000987643   0.0011652   0.00132252   0.00120202   0.00127881   -7.5535e-05   0.000211268   0.000147544   -5.67694e-05   -1.12715e-06   0.000231911   0.000110816   0.000101134   0.000384084   0.000188863   0.00103666   0.00063299   -0.00012927   -0.0108727   0.00847622   0.0141277   -0.0105893   1.06853e-08   -1.7412e-05   -0.000616208   -5.27036e-05   -5.2701e-05   -0.000222029   -0.000338195   -0.00338766   0.0103883   0.000405438   1.14955e-08   0.00338599   -0.0394272   
-0.000386597   -0.000554957   -0.000910698   -0.000839976   -0.000767555   -0.000879553   -0.000814567   -0.000685613   -3.12752e-05   -0.000118565   -0.00040273   7.93172e-06   -0.000120187   0.000226029   -0.000292733   -0.000273012   -0.000299103   -0.000588348   -0.000540619   0.00156958   0.00204812   0.00233905   1   0.00295207   0.00322976   0.00315478   0.00290415   0.000298994   0.000178684   0.000344135   0.000336663   0.000312136   0.000458407   0.000639986   0.000833004   0.00110875   0.00139827   0.00230664   0.00140672   0.000602636   0.000558861   0.000800729   0.000932118   0.00107848   0.00111496   0.00110033   0.00109466   1.73283e-05   0.000138576   0.00011474   0.000160383   0.000138445   0.000233472   0.000192101   0.000229839   0.000426331   0.00037857   0.000932351   0.00056659   -0.00680268   -0.00326207   -0.0033247   0.013014   -0.00869336   2.79179e-09   -5.06694e-05   -0.000686032   -0.000331523   -0.00033152   -0.000169995   -0.000395642   -0.00356582   0.00845388   0.000214197   3.56608e-09   0.00116182   -0.0341468   
-0.000224286   -0.000435646   -0.000839635   -0.000548153   -0.000741277   -0.000784482   -0.000631178   -0.000526114   -1.4863e-05   -7.43448e-05   -0.000349455   0.000170276   0.000181317   0.000229342   -5.06238e-06   -5.89147e-05   -0.000343199   -0.000594793   -0.000472963   0.00142675   0.00182129   1   0.00233905   0.00244183   0.00277713   0.0025451   0.00234491   0.00047439   0.000167384   0.000403457   0.000441859   0.000189791   0.000438871   0.000578687   0.000780095   0.000941662   0.00142741   0.00190512   0.00115135   0.000736037   0.000557979   0.000777891   0.000818362   0.000874985   0.000863523   0.000883765   0.000713218   0.000389201   0.000279506   7.37299e-05   0.000337073   0.000262938   0.000425761   0.000287268   0.000410164   0.000562571   0.000526472   0.000788833   0.000434298   -0.0023455   -0.00120914   -0.0115867   0.0110228   -0.00712071   -4.93343e-09   -7.92183e-05   -0.000770487   -0.000541182   -0.000541178   -0.000218152   -0.000171952   -0.0115818   0.00664948   0.000132286   -4.34401e-09   -0.000335117   -0.0291435   
-0.000308019   -0.000466498   -0.00084585   -0.000706261   -0.000703866   -0.000797758   -0.000731704   -0.00061214   5.88326e-05   -6.28868e-05   -0.00029545   6.07547e-05   -8.97594e-05   0.000224989   -0.000236785   -0.000214331   -0.000294124   -0.000530443   -0.000482918   0.00130461   1   0.00182129   0.00204812   0.00219776   0.00240944   0.00232036   0.00211817   0.000713146   0.000252216   0.000426893   0.000399588   0.000332786   0.000506626   0.00064084   0.000760043   0.000980154   0.00120822   0.00167381   0.00101997   0.000483673   0.000330914   0.000446095   0.000489698   0.000549769   0.000547666   0.000531447   0.000539551   0.000520443   0.000269235   0.00021167   0.000297536   0.000237711   0.0003379   0.000260004   0.000284689   0.000433896   0.000328333   0.000489407   0.000285356   -0.00368778   0.00250777   -0.00385463   0.0108403   -0.00786481   1.63164e-08   -9.58754e-05   -0.000751253   -0.000739295   -0.000739278   -0.000208905   0.000541606   -0.00419785   0.00754013   0.000157496   1.66374e-08   0.000374221   -0.0288277   
-0.000157158   -0.000266055   -0.000604839   -0.000563969   -0.000467433   -0.000708118   -0.000666393   -0.000556963   0.000146129   9.48934e-06   -0.000119553   0.000141143   4.50172e-05   0.000145757   -8.79654e-05   -0.000222837   -0.000104121   -0.000402274   -0.000425538   1   0.00130461   0.00142675   0.00156958   0.00162344   0.00179116   0.00181563   0.00161653   0.00150605   0.000472636   0.000506965   0.000430013   0.000612876   0.000757402   0.000707535   0.000802277   0.000977817   0.000957763   0.00131863   0.000672001   0.000410057   0.000232344   0.000337519   0.000242242   0.000271163   0.000309819   0.000323566   0.000383071   0.00131636   0.000364453   0.000493495   0.000639069   0.000492981   0.000457855   0.000387108   0.000495306   0.000569491   0.000449249   0.000266648   0.000225916   0.0026566   0.00767294   -0.00768275   0.00846259   -0.00642217   -3.2225e-09   -7.92756e-05   -0.000488224   -0.000759354   -0.000759348   -9.85234e-05   0.00118847   0.00445648   0.00607747   3.92839e-05   -2.62054e-09   -0.000697218   -0.0227216   
0.000296049   0.000443884   0.000733803   0.000717054   0.000611881   0.000792609   0.000743327   0.000634382   2.05499e-06   7.26708e-05   0.00026586   -2.43973e-05   7.08636e-05   -0.000107605   0.000197912   0.000267919   0.000190238   0.000493303   1   -0.000425538   -0.000482918   -0.000472963   -0.000540619   -0.000574801   -0.000698528   -0.000726508   -0.000642732   -0.000214869   -7.51705e-05   -9.57906e-05   -1.70285e-05   -0.000100144   -0.00015083   -0.000132242   -0.000216   -0.000332052   -0.000326918   -0.00048391   -0.000241988   0.000395567   0.000632956   0.000666808   0.000820408   0.000847052   0.000861236   0.0008446   0.000693418   1.99977e-05   3.39207e-05   -3.36101e-06   -4.32047e-05   6.26659e-05   9.28637e-05   0.000188137   0.00017901   0.000152868   0.000329988   0.000592208   0.0002963   0.000722843   0.00185078   0.00471617   -0.00637786   0.00771306   3.35116e-09   -8.40657e-06   -0.000124583   -0.000137319   -0.000137315   -2.73379e-05   -0.000703308   -0.00170945   -0.00776985   -0.000120165   2.94888e-09   -3.94253e-05   0.0201174   
0.000295281   0.000486836   0.000846212   0.000665322   0.000736449   0.000835701   0.000729305   0.000629859   4.33216e-05   9.67747e-05   0.000329834   -8.64947e-05   -4.68252e-05   -0.000157099   0.000107181   0.000174145   0.000287392   1   0.000493303   -0.000402274   -0.000530443   -0.000594793   -0.000588348   -0.000566087   -0.000762327   -0.000659056   -0.000605408   1.97898e-05   3.57548e-05   -8.55476e-05   -6.53532e-05   5.93293e-05   -4.90849e-05   -9.09496e-05   -0.000196709   -0.000257658   -0.000462996   -0.000449618   -0.000257019   0.000332513   0.000642301   0.000678033   0.000835746   0.000892532   0.000971836   0.000935901   0.000875895   0.000188664   2.29723e-05   0.000139917   -4.95729e-06   0.000103802   6.74307e-05   0.000196841   0.000190653   0.000160422   0.000319494   0.000623965   0.000368621   0.00322564   0.00145629   0.00836314   -0.00674616   0.00793223   3.9293e-09   5.71929e-06   4.04161e-05   5.9515e-05   5.95187e-05   2.97088e-05   -0.000371785   0.00557091   -0.00789905   -0.000178393   3.51143e-09   -0.000530445   0.0213018   
0.000241454   0.000388601   0.000637011   0.000336752   0.000562616   0.000350244   0.000277671   0.000192983   -0.000132788   -2.42439e-05   0.000193233   5.04963e-05   0.000327103   -0.000182512   0.000333527   -8.3986e-06   1   0.000287392   0.000190238   -0.000104121   -0.000294124   -0.000343199   -0.000299103   -0.000443267   -0.000394957   -0.000197467   -0.000149327   -1.00027e-05   -8.74096e-06   -0.000296927   -0.000225974   0.000268967   6.1652e-05   -0.000159684   -8.34267e-05   -0.000242749   -0.000535763   -5.33624e-05   -0.000271843   -7.57246e-05   0.000189227   0.000418344   0.000339599   0.000448453   0.000490829   0.000599618   0.000638116   -0.000145339   -0.000313011   0.000102579   0.000160138   0.000118539   -0.000226458   -1.18106e-05   9.53296e-05   -1.96677e-05   0.000214991   0.000328815   0.000329548   -0.00330173   0.00110168   -0.00688687   -0.00398393   0.0045829   1.99403e-09   -1.38094e-06   1.35961e-05   -3.54464e-05   -3.54439e-05   1.3114e-05   7.34261e-05   0.0166019   -0.00456322   -4.67804e-05   1.8675e-09   0.000148701   0.0128268   
0.000264534   0.000271827   0.00034153   0.000597328   0.000237411   0.000441183   0.000518821   0.000444366   -2.65071e-05   4.39504e-05   0.000111869   0.000142263   0.000336102   -1.04398e-05   0.000365216   1   -8.3986e-06   0.000174145   0.000267919   -0.000222837   -0.000214331   -5.89147e-05   -0.000273012   -0.00040385   -0.000357534   -0.000582558   -0.000501482   -0.000197364   -0.000123905   -8.40765e-06   0.000111567   -0.000242526   -0.000147287   -0.000111447   -0.000113105   -0.000273883   4.67424e-05   -0.00035011   -0.000165591   0.000446312   0.000453787   0.000494451   0.000537116   0.000485985   0.000427799   0.000453288   0.000174141   0.000105303   0.000124651   -0.000134352   7.1406e-05   9.83216e-05   0.000220707   0.000180022   0.000245924   0.000221656   0.000354771   0.000364446   0.000117364   0.00151399   0.00134776   -0.00601275   -0.00405446   0.00478012   2.17861e-09   8.80795e-07   -3.52551e-05   -1.02807e-05   -1.02788e-05   -4.3523e-06   -0.00046333   -0.0120739   -0.00477486   -9.61598e-05   1.11981e-09   -0.00189832   0.0116279   
0.000446896   0.000470447   0.000578628   0.000729228   0.000423621   0.000337252   0.000475353   0.000352581   -0.000224576   -1.75641e-05   0.000127708   0.000357171   0.00095988   -0.000143607   1   0.000365216   0.000333527   0.000107181   0.000197912   -8.79654e-05   -0.000236785   -5.06238e-06   -0.000292733   -0.000657894   -0.000368346   -0.000525645   -0.000415945   -0.00017488   -0.000160005   -0.000269532   -5.89824e-05   -5.03343e-05   -5.887e-05   -0.000289784   -9.91082e-05   -0.000455333   -0.000199049   -0.000178762   -0.000367619   0.000270171   0.000315467   0.00063008   0.000433528   0.000442337   0.000385114   0.000587019   0.000262289   -1.75008e-05   -0.000180811   -0.000149172   0.000366334   0.000239909   3.44872e-05   7.85991e-05   0.000364729   0.00020928   0.000517233   0.000393145   0.000276262   0.00018945   0.000110356   -0.0256316   -0.00524882   0.00605562   8.71805e-10   -5.6663e-06   -9.56431e-05   -9.99541e-05   -9.99515e-05   -2.425e-05   -0.000333002   -0.0015243   -0.00603593   -3.03981e-05   5.65052e-10   0.000201664   0.0145534   
-0.000103347   -0.000159883   -0.000328285   -0.000169154   -0.000273036   -0.000175028   -0.000172374   -0.000139277   7.54324e-05   -1.89947e-05   -6.61313e-05   1.35748e-05   -0.000117052   1   -0.000143607   -1.04398e-05   -0.000182512   -0.000157099   -0.000107605   0.000145757   0.000224989   0.000229342   0.000226029   0.00021329   0.000221864   0.000118401   0.000118244   0.000188813   9.35405e-06   0.0001672   0.000182812   -1.50629e-05   7.09869e-05   0.000197485   0.000152408   0.000176837   0.000310946   3.44752e-05   0.000108391   9.00498e-05   -2.90725e-05   -0.000128895   -0.00010246   -0.000157242   -0.000248713   -0.000279839   -0.000264812   0.000197613   0.000155485   2.02416e-05   2.20088e-05   2.76234e-05   0.000128683   0.00010967   8.27806e-06   5.24562e-05   -1.99389e-06   -0.000167113   -0.000174994   -0.00507523   0.0063473   0.00225419   0.00194988   -0.00271957   -2.02783e-09   3.03155e-05   0.000334997   0.000406545   0.000406544   0.000107973   -7.94081e-05   -0.00621602   0.00286414   -0.000213735   -1.03648e-09   -0.00333433   -0.00668924   
0.000418509   0.000393483   0.00042082   0.000600643   0.000281885   0.000131452   0.000300959   0.000194405   -0.000274145   -6.03741e-05   5.13026e-05   0.000422278   1   -0.000117052   0.00095988   0.000336102   0.000327103   -4.68252e-05   7.08636e-05   4.50172e-05   -8.97594e-05   0.000181317   -0.000120187   -0.000542741   -0.000154388   -0.00033517   -0.000228856   -0.000211996   -0.000190297   -0.000304834   -7.10268e-05   -3.76435e-05   -3.61083e-05   -0.00029773   -4.25118e-05   -0.000427666   -0.000115039   -2.11476e-05   -0.00032907   0.000191024   0.000179737   0.000544835   0.000273914   0.000278   0.00019344   0.000435918   0.000109857   -0.000119813   -0.000248653   -0.000195664   0.000415239   0.000240117   -1.55253e-05   2.27352e-05   0.000346211   0.000175623   0.000497182   0.000286343   0.000233566   -0.00183158   -0.00031073   -0.0313761   -0.00396705   0.00424933   2.92819e-10   6.89787e-06   8.25264e-05   5.57665e-05   5.57683e-05   3.17962e-05   -0.000161144   -0.0013141   -0.00418125   -0.000116384   1.30356e-10   -0.00138616   0.00999207   
0.000153018   0.000115884   2.48045e-05   0.000192869   -3.91044e-07   -4.44335e-05   3.90209e-05   1.61242e-05   -2.56226e-05   3.52747e-06   2.70945e-05   1   0.000422278   1.35748e-05   0.000357171   0.000142263   5.04963e-05   -8.64947e-05   -2.43973e-05   0.000141143   6.07547e-05   0.000170276   7.93172e-06   -0.000181512   -2.93704e-05   -0.000146848   -0.000118515   0.000351289   2.7471e-05   4.84405e-05   0.000124121   6.02858e-05   0.000129673   4.28946e-05   0.000113594   -2.40995e-05   0.000133953   -3.95725e-05   -0.000132641   0.000161972   5.27857e-05   0.000136361   1.55456e-06   -4.25657e-05   -0.00010312   -1.89861e-05   -0.000152005   0.000423329   7.4551e-05   3.51483e-05   0.000319901   0.000218811   0.000166798   0.000138091   0.000254901   0.000198442   0.000267651   -1.60869e-05   -1.12357e-05   0.000386103   0.00463769   -0.0129861   -0.000754144   0.000638886   -2.33915e-10   1.55034e-05   0.000101409   0.000228409   0.00022841   3.40305e-05   -0.000565254   -0.00302131   -0.000575274   -0.000116334   4.11774e-10   -0.00120894   0.00113768   
0.000226535   0.000334909   0.000479874   0.000417026   0.000432569   0.000451398   0.000390896   0.000337109   9.85218e-05   8.75494e-05   1   2.70945e-05   5.13026e-05   -6.61313e-05   0.000127708   0.000111869   0.000193233   0.000329834   0.00026586   -0.000119553   -0.00029545   -0.000349455   -0.00040273   -0.000462869   -0.000570621   -0.000514577   -0.000485981   0.000584471   0.000157683   8.79401e-05   9.67064e-05   0.000200504   0.000172593   0.00010219   2.25137e-05   -3.71063e-05   -0.000196594   -0.000362352   -0.000256955   0.000262404   0.000372818   0.00036533   0.000386578   0.00038379   0.000401982   0.00039433   0.000366985   0.00070064   0.000154623   0.000254475   0.000244   0.000257606   0.000204566   0.000272628   0.000289622   0.000249321   0.000321264   0.000237172   0.000145132   0.00302049   0.00704485   0.00201647   -0.00364723   0.00460273   2.52382e-09   -2.20244e-06   -0.000169217   2.10212e-05   2.10236e-05   -4.71766e-05   0.00220195   0.00450999   -0.00463964   -3.59652e-05   2.01212e-09   -0.00170903   0.012457   
5.55532e-05   7.0446e-05   8.5058e-05   0.000107776   8.21908e-05   0.000103427   0.000106026   0.000110649   0.000106678   1   8.75494e-05   3.52747e-06   -6.03741e-05   -1.89947e-05   -1.75641e-05   4.39504e-05   -2.42439e-05   9.67747e-05   7.26708e-05   9.48934e-06   -6.28868e-05   -7.43448e-05   -0.000118565   -7.86016e-05   -0.00015737   -0.000151718   -0.000177523   0.000463845   0.000154242   0.000164067   0.000107714   7.47342e-05   0.000125135   0.000103023   4.78969e-05   9.25925e-05   4.24438e-05   -0.000121676   -4.81308e-05   0.000148104   0.000114324   5.48824e-05   6.62606e-05   3.7672e-05   8.51615e-05   4.83241e-05   2.35597e-05   0.000567792   0.000202375   0.000158842   0.000141157   0.000137438   0.000206872   0.0001426   0.000167528   0.000177828   0.000112618   3.47296e-05   1.06254e-05   0.00689038   0.00150113   0.00234182   -0.0009636   0.00106264   8.04951e-10   1.19146e-05   5.30577e-05   0.00019528   0.00019528   2.04402e-05   -0.000205084   -0.000919553   -0.00100702   4.94699e-05   9.96038e-11   0.000956478   0.00240554   
-2.6363e-05   -3.20806e-05   -0.000124915   -6.8813e-05   -6.51453e-05   -1.43422e-05   -4.92468e-05   -1.47915e-06   1   0.000106678   9.85218e-05   -2.56226e-05   -0.000274145   7.54324e-05   -0.000224576   -2.65071e-05   -0.000132788   4.33216e-05   2.05499e-06   0.000146129   5.88326e-05   -1.4863e-05   -3.12752e-05   4.55194e-05   -0.00010627   -9.44769e-05   -0.000149419   0.000978888   0.000298592   0.000379287   0.000269109   0.000201342   0.000306153   0.000340683   0.000208452   0.0003307   0.000223611   -0.000144954   -3.03794e-06   0.000193499   7.69941e-05   -0.000102596   -7.57327e-05   -0.000151891   -0.000124688   -0.000215984   -0.00015952   0.00106991   0.000401497   0.000334495   0.000237141   0.000232201   0.000365584   0.000280905   0.000223648   0.000270617   0.000112098   -0.000152965   -0.000131968   0.0066769   0.00749418   0.00764685   0.000780976   -0.00102059   1.56282e-10   2.80556e-05   0.000160883   0.000452238   0.000452237   5.43254e-05   -0.000676111   -0.00141013   0.00105074   -0.000172189   1.01529e-09   -0.00260338   -0.00217521   
0.000438003   0.000593961   0.000962722   0.00102826   0.000781039   0.00106309   0.00104308   1   -1.47915e-06   0.000110649   0.000337109   1.61242e-05   0.000194405   -0.000139277   0.000352581   0.000444366   0.000192983   0.000629859   0.000634382   -0.000556963   -0.00061214   -0.000526114   -0.000685613   -0.000739626   -0.000873049   -0.000985737   -0.000876192   -0.000344088   -0.000117057   -0.000105994   6.94989e-06   -0.00023002   -0.000238153   -0.000215074   -0.000303063   -0.000467784   -0.000338932   -0.000634307   -0.000300568   0.000637614   0.000912082   0.000969877   0.00116681   0.00117668   0.00120293   0.00118093   0.000889637   5.94278e-05   9.82166e-05   -6.07838e-05   -3.98034e-05   9.6344e-05   0.000203828   0.000262918   0.000302724   0.000272091   0.000506668   0.000854083   0.000413236   0.00415023   -0.000134333   0.00341185   -0.00890934   0.0103838   3.88696e-09   7.8736e-06   7.33062e-05   5.28719e-05   5.28763e-05   4.38541e-05   -0.000531934   -0.00700754   -0.0103498   -0.00014926   2.69473e-09   -0.00179897   0.0268227   
0.000521573   0.000723238   0.0011603   0.00123596   0.000939313   0.00124836   1   0.00104308   -4.92468e-05   0.000106026   0.000390896   3.90209e-05   0.000300959   -0.000172374   0.000475353   0.000518821   0.000277671   0.000729305   0.000743327   -0.000666393   -0.000731704   -0.000631178   -0.000814567   -0.000923072   -0.00103969   -0.00117214   -0.00102374   -0.000495253   -0.000185719   -0.000185487   -1.57676e-05   -0.000260001   -0.00030059   -0.000278978   -0.000363179   -0.000602865   -0.000443367   -0.000743126   -0.000384213   0.000704453   0.00104252   0.00114405   0.00135853   0.00138976   0.00139037   0.00139644   0.00105604   -5.75113e-05   4.33907e-05   -0.00010492   -4.31408e-05   0.00010586   0.000176598   0.000289396   0.000333361   0.000279486   0.000593125   0.00100149   0.000491784   0.00171161   0.00127641   0.00187589   -0.0106889   0.0125867   5.26869e-09   -1.76832e-06   -3.66214e-05   -8.62608e-05   -8.62555e-05   1.03146e-05   -0.000370656   -0.00709494   -0.0125643   -6.87886e-05   3.91072e-09   0.000467712   0.0321602   
0.000504239   0.000755706   0.00125512   0.00119934   0.00104887   1   0.00124836   0.00106309   -1.43422e-05   0.000103427   0.000451398   -4.44335e-05   0.000131452   -0.000175028   0.000337252   0.000441183   0.000350244   0.000835701   0.000792609   -0.000708118   -0.000797758   -0.000784482   -0.000879553   -0.000951277   -0.00114977   -0.00118594   -0.00103752   -0.000435198   -0.000151128   -0.000200605   -5.02388e-05   -0.00015785   -0.000262541   -0.000230921   -0.000362021   -0.000570546   -0.000571944   -0.000785317   -0.000401521   0.000661815   0.00109475   0.0011719   0.00143391   0.001489   0.00150066   0.00147869   0.00123648   -6.58215e-05   1.01623e-05   -1.75771e-05   -9.12923e-05   9.50836e-05   0.000115767   0.000308918   0.000285046   0.000236355   0.000566703   0.00103314   0.000526366   -0.000878661   0.00332129   0.00780651   -0.0108535   0.0128946   5.75701e-09   -2.70695e-06   -4.61348e-05   -9.549e-05   -9.54844e-05   8.98628e-06   0.000214211   -0.00169045   -0.012875   -0.00015715   4.9355e-09   -0.00216804   0.0340445   
0.000484905   0.000742738   0.00123962   0.000945401   1   0.00104887   0.000939313   0.000781039   -6.51453e-05   8.21908e-05   0.000432569   -3.91044e-07   0.000281885   -0.000273036   0.000423621   0.000237411   0.000562616   0.000736449   0.000611881   -0.000467433   -0.000703866   -0.000741277   -0.000767555   -0.000869373   -0.00098786   -0.000822741   -0.000730622   -5.81755e-05   -3.2158e-06   -0.000280546   -0.000193485   0.000157126   -4.63668e-05   -0.000235775   -0.00026486   -0.000458335   -0.000745571   -0.000486953   -0.000436479   0.000340037   0.000779848   0.000983416   0.00106867   0.00117843   0.0012754   0.00132549   0.00121851   7.97732e-05   -0.000162925   0.000144483   0.000120456   0.000187784   -3.91494e-05   0.000186995   0.000291409   0.000181385   0.000501135   0.00085454   0.000578003   0.00240405   0.000861173   0.000343694   -0.00946287   0.0110132   5.21986e-09   5.93079e-06   6.30497e-05   4.47299e-05   4.47351e-05   4.24851e-05   -0.000367989   0.012713   -0.0111088   -0.000166668   4.49866e-09   -0.000423991   0.02961   
0.000622315   0.00081134   0.00117961   1   0.000945401   0.00119934   0.00123596   0.00102826   -6.8813e-05   0.000107776   0.000417026   0.000192869   0.000600643   -0.000169154   0.000729228   0.000597328   0.000336752   0.000665322   0.000717054   -0.000563969   -0.000706261   -0.000548153   -0.000839976   -0.00109456   -0.00110167   -0.00129934   -0.0011286   -0.000177818   -0.00015261   -0.000149679   7.42326e-05   -0.000176613   -0.000183237   -0.000232459   -0.000270138   -0.000614541   -0.000375654   -0.000791451   -0.000506857   0.000775846   0.00103199   0.00118992   0.00129429   0.00130045   0.00125075   0.00132578   0.000912678   0.000286091   8.83486e-05   -5.53413e-05   0.000210225   0.00027688   0.000282445   0.000390404   0.000511256   0.000409466   0.000767132   0.000939638   0.000462464   0.00130286   0.00595474   -0.00756796   -0.0110613   0.0131387   4.67646e-09   -6.13136e-06   -0.000171486   -0.000110939   -0.000110934   -3.50552e-05   -0.000676704   -0.00784491   -0.0131523   1.73534e-05   3.34535e-09   0.00163537   0.0329915   
0.000592433   0.000877446   1   0.00117961   0.00123962   0.00125512   0.0011603   0.000962722   -0.000124915   8.5058e-05   0.000479874   2.48045e-05   0.00042082   -0.000328285   0.000578628   0.00034153   0.000637011   0.000846212   0.000733803   -0.000604839   -0.00084585   -0.000839635   -0.000910698   -0.00104854   -0.00114885   -0.00101155   -0.000887194   -0.000320207   -8.46884e-05   -0.000386935   -0.000253795   6.7845e-05   -0.000155542   -0.000366617   -0.000373291   -0.000632401   -0.000865003   -0.000582736   -0.000510274   0.000423093   0.000933792   0.00119803   0.00129947   0.00142623   0.00152804   0.00160104   0.00141075   -0.000112566   -0.0002304   5.88978e-05   8.4608e-05   0.000170362   -6.94453e-05   0.000174361   0.000321763   0.000188699   0.000588303   0.00105271   0.000692931   0.00283993   -0.00138001   -0.00196958   -0.0115188   0.0134827   5.62176e-09   -2.1912e-06   -7.91918e-06   -8.63693e-05   -8.6363e-05   2.2466e-05   0.000264224   0.0115977   -0.013425   -0.000135216   4.14652e-09   0.000110275   0.0355839   
0.00042595   1   0.000877446   0.00081134   0.000742738   0.000755706   0.000723238   0.000593961   -3.20806e-05   7.0446e-05   0.000334909   0.000115884   0.000393483   -0.000159883   0.000470447   0.000271827   0.000388601   0.000486836   0.000443884   -0.000266055   -0.000466498   -0.000435646   -0.000554957   -0.000732308   -0.000751067   -0.00073067   -0.000642547   0.000217124   1.83178e-05   -0.000119906   -8.96423e-06   0.000131888   4.73418e-05   -9.4434e-05   -0.000105274   -0.000318946   -0.000400742   -0.000428511   -0.000384501   0.000394788   0.000629378   0.00078404   0.000795516   0.000836322   0.000848921   0.000918042   0.000757305   0.000390106   -9.33695e-06   0.000136318   0.000269514   0.000274116   0.000124024   0.000266261   0.000373257   0.000275172   0.000529434   0.000597736   0.000374717   0.00111059   0.00543432   -0.00541981   -0.00728836   0.00837394   4.61352e-09   1.38304e-05   8.99788e-05   0.000178799   0.000178803   4.56914e-05   -0.000513155   0.00518999   -0.00835754   -0.000160039   3.69697e-09   -0.000388802   0.0219747   
1   0.00042595   0.000592433   0.000622315   0.000484905   0.000504239   0.000521573   0.000438003   -2.6363e-05   5.55532e-05   0.000226535   0.000153018   0.000418509   -0.000103347   0.000446896   0.000264534   0.000241454   0.000295281   0.000296049   -0.000157158   -0.000308019   -0.000224286   -0.000386597   -0.000555119   -0.000521535   -0.000570745   -0.000505706   0.000182329   1.09338e-05   -6.69364e-05   2.41098e-05   4.22304e-05   3.49364e-05   -9.20252e-05   -6.78061e-05   -0.000245867   -0.000207156   -0.000317778   -0.000295262   0.000348634   0.000461295   0.000588874   0.000553111   0.000548022   0.000552652   0.000614562   0.000429575   0.000366638   3.24384e-05   6.55693e-05   0.000255937   0.000234924   0.000157938   0.000203838   0.000337637   0.000257665   0.000445546   0.000410457   0.000250054   0.00320662   0.00247208   -0.00822281   -0.00499569   0.00579098   2.68752e-09   9.68076e-06   4.03896e-05   0.000128844   0.000128847   2.40607e-05   0.000378921   0.000461653   -0.00587524   -0.000242112   2.45136e-09   -0.00367227   0.015342   


NLL
232.336

